2000 12 13 15 0 0.92 35.9700 -117.6757 4.290 1.0 0.000 0.000 0.000 1
2000 12 13 15 0 0.98 36.0687 -117.8307 2.860 1.0 0.000 0.000 0.000 2
2000 12 13 15 0 0.98 35.9054 -117.7171 6.470 1.0 0.000 0.000 0.000 3
2000 12 13 15 0 0.99 35.9090 -117.7105 7.310 1.0 0.000 0.000 0.000 4
2000 12 13 15 0 0.92 35.9100 -117.6940 6.920 1.0 0.000 0.000 0.000 5
2000 12 13 15 0 1.01 35.6752 -117.5097 6.520 1.0 0.000 0.000 0.000 6
2000 12 13 15 0 1.03 35.5565 -117.3076 5.810 1.0 0.000 0.000 0.000 7
2000 12 13 15 0 1.0 36.0471 -117.8525 3.860 1.0 0.000 0.000 0.000 8
2000 12 13 15 0 0.9 35.9543 -117.6867 4.710 1.0 0.000 0.000 0.000 9
2000 12 13 15 0 0.98 35.5829 -117.6024 4.720 1.0 0.000 0.000 0.000 10
2000 12 13 15 0 0.91 35.9434 -117.6728 4.600 1.0 0.000 0.000 0.000 11
2000 12 13 15 0 0.92 35.5816 -117.6159 3.660 1.0 0.000 0.000 0.000 12
2000 12 13 15 0 1.0 35.9196 -117.6727 4.820 1.0 0.000 0.000 0.000 13
2000 12 13 15 0 0.9 35.6771 -117.4647 3.900 1.0 0.000 0.000 0.000 14
2000 12 13 15 0 0.97 35.7138 -117.4992 5.760 1.0 0.000 0.000 0.000 15
2000 12 13 15 0 0.87 35.6833 -117.4795 2.330 1.0 0.000 0.000 0.000 16
2000 12 13 15 0 0.96 35.8774 -117.6780 8.400 1.0 0.000 0.000 0.000 17
2000 12 13 15 0 1.09 35.6637 -117.5320 7.700 1.0 0.000 0.000 0.000 18
2000 12 13 15 0 0.98 35.6347 -117.4230 5.320 1.0 0.000 0.000 0.000 19
2000 12 13 15 0 0.96 35.8990 -117.6742 5.670 1.0 0.000 0.000 0.000 20
2000 12 13 15 0 1.14 35.5970 -117.4192 4.700 1.0 0.000 0.000 0.000 21
2000 12 13 15 0 1.08 35.5861 -117.5774 5.460 1.0 0.000 0.000 0.000 22
2000 12 13 15 0 0.95 35.7053 -117.5035 5.440 1.0 0.000 0.000 0.000 23
2000 12 13 15 0 0.92 35.9300 -117.7031 7.660 1.0 0.000 0.000 0.000 24
2000 12 13 15 0 0.94 35.8930 -117.6768 8.020 1.0 0.000 0.000 0.000 25
2000 12 13 15 0 1.03 35.6512 -117.4521 6.130 1.0 0.000 0.000 0.000 26
2000 12 13 15 0 1.0 35.6095 -117.5830 4.470 1.0 0.000 0.000 0.000 27
2000 12 13 15 0 1.01 35.8846 -117.7007 5.570 1.0 0.000 0.000 0.000 28
2000 12 13 15 0 1.0 35.8824 -117.6916 6.470 1.0 0.000 0.000 0.000 29
2000 12 13 15 0 0.89 35.5768 -117.5953 3.100 1.0 0.000 0.000 0.000 30
2000 12 13 15 0 0.93 35.6754 -117.4861 3.470 1.0 0.000 0.000 0.000 31
2000 12 13 15 0 0.93 35.6863 -117.4749 5.220 1.0 0.000 0.000 0.000 32
2000 12 13 15 0 0.9 35.9651 -117.7015 5.050 1.0 0.000 0.000 0.000 33
2000 12 13 15 0 0.91 35.7286 -117.5303 5.100 1.0 0.000 0.000 0.000 34
2000 12 13 15 0 1.05 35.8724 -117.6910 7.040 1.0 0.000 0.000 0.000 35
2000 12 13 15 0 0.99 35.9082 -117.7397 7.910 1.0 0.000 0.000 0.000 36
2000 12 13 15 0 1.05 35.7129 -117.5797 7.210 1.0 0.000 0.000 0.000 37
2000 12 13 15 0 0.97 35.6524 -117.4933 6.220 1.0 0.000 0.000 0.000 38
2000 12 13 15 0 1.0 35.7561 -117.5619 5.940 1.0 0.000 0.000 0.000 39
2000 12 13 15 0 0.93 35.9245 -117.7031 5.440 1.0 0.000 0.000 0.000 40
2000 12 13 15 0 0.99 35.8924 -117.6955 5.290 1.0 0.000 0.000 0.000 41
2000 12 13 15 0 0.96 35.6844 -117.4926 0.460 1.0 0.000 0.000 0.000 42
2000 12 13 15 0 0.93 35.8801 -117.6946 8.450 1.0 0.000 0.000 0.000 43
2000 12 13 15 0 0.94 35.9495 -117.6775 4.910 1.0 0.000 0.000 0.000 44
2000 12 13 15 0 1.0 35.6630 -117.4820 5.080 1.0 0.000 0.000 0.000 45
2000 12 13 15 0 1.0 35.6078 -117.5778 4.400 1.0 0.000 0.000 0.000 46
2000 12 13 15 0 0.93 35.8781 -117.6779 9.200 1.0 0.000 0.000 0.000 47
2000 12 13 15 0 0.83 35.7407 -117.5235 3.580 1.0 0.000 0.000 0.000 48
2000 12 13 15 0 0.98 35.9290 -117.7090 4.710 1.0 0.000 0.000 0.000 49
2000 12 13 15 0 1.0 35.5997 -117.5962 4.040 1.0 0.000 0.000 0.000 50
2000 12 13 15 0 0.92 35.9879 -117.6632 3.840 1.0 0.000 0.000 0.000 51
2000 12 13 15 0 1.0 35.6669 -117.4920 5.210 1.0 0.000 0.000 0.000 52
2000 12 13 15 0 0.94 35.9529 -117.6873 4.680 1.0 0.000 0.000 0.000 53
2000 12 13 15 0 1.04 35.7046 -117.5356 5.480 1.0 0.000 0.000 0.000 54
2000 12 13 15 0 0.91 35.9576 -117.6872 4.750 1.0 0.000 0.000 0.000 55
2000 12 13 15 0 0.97 35.7462 -117.5368 5.820 1.0 0.000 0.000 0.000 56
2000 12 13 15 0 0.94 35.9884 -117.6770 3.700 1.0 0.000 0.000 0.000 57
2000 12 13 15 0 0.96 35.7634 -117.5660 7.890 1.0 0.000 0.000 0.000 58
2000 12 13 15 0 0.93 35.9312 -117.6980 5.250 1.0 0.000 0.000 0.000 59
2000 12 13 15 0 1.05 35.8785 -117.6927 6.050 1.0 0.000 0.000 0.000 60
2000 12 13 15 0 0.97 35.9028 -117.7217 7.650 1.0 0.000 0.000 0.000 61
2000 12 13 15 0 1.07 35.6358 -117.4327 3.130 1.0 0.000 0.000 0.000 62
2000 12 13 15 0 0.94 35.8785 -117.6654 9.910 1.0 0.000 0.000 0.000 63
2000 12 13 15 0 0.93 35.6162 -117.5907 4.340 1.0 0.000 0.000 0.000 64
2000 12 13 15 0 1.04 36.0552 -117.8249 3.160 1.0 0.000 0.000 0.000 65
2000 12 13 15 0 0.98 35.6053 -117.5975 4.430 1.0 0.000 0.000 0.000 66
2000 12 13 15 0 0.96 35.6484 -117.4524 3.180 1.0 0.000 0.000 0.000 67
2000 12 13 15 0 0.93 35.9245 -117.7071 5.480 1.0 0.000 0.000 0.000 68
2000 12 13 15 0 0.97 35.6447 -117.4412 4.210 1.0 0.000 0.000 0.000 69
2000 12 13 15 0 1.02 35.7232 -117.5239 5.820 1.0 0.000 0.000 0.000 70
2000 12 13 15 0 0.88 35.7201 -117.5178 4.520 1.0 0.000 0.000 0.000 71
2000 12 13 15 0 1.04 35.6721 -117.5102 6.520 1.0 0.000 0.000 0.000 72
2000 12 13 15 0 0.91 35.9268 -117.6861 5.050 1.0 0.000 0.000 0.000 73
2000 12 13 15 0 0.99 35.9286 -117.7163 5.310 1.0 0.000 0.000 0.000 74
2000 12 13 15 0 0.91 35.7463 -117.5533 3.340 1.0 0.000 0.000 0.000 75
2000 12 13 15 0 1.1 35.5967 -117.4135 4.650 1.0 0.000 0.000 0.000 76
2000 12 13 15 0 0.89 35.9574 -117.6805 4.800 1.0 0.000 0.000 0.000 77
2000 12 13 15 0 0.97 35.9224 -117.7045 6.890 1.0 0.000 0.000 0.000 78
2000 12 13 15 0 0.97 35.9098 -117.6677 5.050 1.0 0.000 0.000 0.000 79
2000 12 13 15 0 1.01 35.6507 -117.4620 4.040 1.0 0.000 0.000 0.000 80
2000 12 13 15 0 0.96 35.6423 -117.4279 3.980 1.0 0.000 0.000 0.000 81
2000 12 13 15 0 1.11 35.5958 -117.4284 4.850 1.0 0.000 0.000 0.000 82
2000 12 13 15 0 0.93 35.6675 -117.4843 2.430 1.0 0.000 0.000 0.000 83
2000 12 13 15 0 0.91 35.6801 -117.4645 3.400 1.0 0.000 0.000 0.000 84
2000 12 13 15 0 1.06 35.8764 -117.6936 5.930 1.0 0.000 0.000 0.000 85
2000 12 13 15 0 0.95 35.6739 -117.4693 4.590 1.0 0.000 0.000 0.000 86
2000 12 13 15 0 0.9 35.7162 -117.5287 3.730 1.0 0.000 0.000 0.000 87
2000 12 13 15 0 0.96 35.9022 -117.6887 5.370 1.0 0.000 0.000 0.000 88
2000 12 13 15 0 0.98 35.8867 -117.7147 5.630 1.0 0.000 0.000 0.000 89
2000 12 13 15 0 1.11 35.6290 -117.4293 5.220 1.0 0.000 0.000 0.000 90
2000 12 13 15 0 0.99 35.9085 -117.6652 5.200 1.0 0.000 0.000 0.000 91
2000 12 13 15 0 0.91 35.6762 -117.4862 1.990 1.0 0.000 0.000 0.000 92
2000 12 13 15 0 0.95 35.9472 -117.6873 4.710 1.0 0.000 0.000 0.000 93
2000 12 13 15 0 0.98 35.6518 -117.4504 2.620 1.0 0.000 0.000 0.000 94
2000 12 13 15 0 0.98 35.9087 -117.7022 7.480 1.0 0.000 0.000 0.000 95
2000 12 13 15 0 0.85 35.7189 -117.4800 4.400 1.0 0.000 0.000 0.000 96
2000 12 13 15 0 0.87 35.6779 -117.4666 2.090 1.0 0.000 0.000 0.000 97
2000 12 13 15 0 0.92 35.8922 -117.6805 8.190 1.0 0.000 0.000 0.000 98
2000 12 13 15 0 0.96 35.9358 -117.7084 6.510 1.0 0.000 0.000 0.000 99
2000 12 13 15 0 0.99 35.6481 -117.4438 2.730 1.0 0.000 0.000 0.000 100
2000 12 13 15 0 1.03 36.0248 -117.8291 4.060 1.0 0.000 0.000 0.000 101
2000 12 13 15 0 0.95 35.7760 -117.5495 5.430 1.0 0.000 0.000 0.000 102
2000 12 13 15 0 1.01 35.8976 -117.7114 5.670 1.0 0.000 0.000 0.000 103
2000 12 13 15 0 0.96 35.9766 -117.6666 1.700 1.0 0.000 0.000 0.000 104
2000 12 13 15 0 1.05 35.6817 -117.5413 6.500 1.0 0.000 0.000 0.000 105
2000 12 13 15 0 0.98 35.8981 -117.6723 5.810 1.0 0.000 0.000 0.000 106
2000 12 13 15 0 1.02 35.9239 -117.7260 5.210 1.0 0.000 0.000 0.000 107
2000 12 13 15 0 1.02 35.6494 -117.4643 5.700 1.0 0.000 0.000 0.000 108
2000 12 13 15 0 0.86 35.7297 -117.5183 4.990 1.0 0.000 0.000 0.000 109
2000 12 13 15 0 1.13 35.5929 -117.4239 5.590 1.0 0.000 0.000 0.000 110
2000 12 13 15 0 0.97 35.9370 -117.6979 5.090 1.0 0.000 0.000 0.000 111
2000 12 13 15 0 1.09 35.7008 -117.5821 6.470 1.0 0.000 0.000 0.000 112
2000 12 13 15 0 1.0 35.7184 -117.5350 6.490 1.0 0.000 0.000 0.000 113
2000 12 13 15 0 0.9 35.9184 -117.6939 5.230 1.0 0.000 0.000 0.000 114
2000 12 13 15 0 1.1 35.6021 -117.4225 4.890 1.0 0.000 0.000 0.000 115
2000 12 13 15 0 0.95 35.8895 -117.6863 7.630 1.0 0.000 0.000 0.000 116
2000 12 13 15 0 1.12 35.8317 -117.6374 5.770 1.0 0.000 0.000 0.000 117
2000 12 13 15 0 1.08 35.6837 -117.5150 6.650 1.0 0.000 0.000 0.000 118
2000 12 13 15 0 0.9 35.5660 -117.6187 3.210 1.0 0.000 0.000 0.000 119
2000 12 13 15 0 0.93 35.7121 -117.4996 5.160 1.0 0.000 0.000 0.000 120
2000 12 13 15 0 1.05 35.7240 -117.5568 8.050 1.0 0.000 0.000 0.000 121
2000 12 13 15 0 0.95 35.6740 -117.4831 3.650 1.0 0.000 0.000 0.000 122
2000 12 13 15 0 1.07 35.7088 -117.5181 7.830 1.0 0.000 0.000 0.000 123
2000 12 13 15 0 1.02 35.7226 -117.5379 5.980 1.0 0.000 0.000 0.000 124
2000 12 13 15 0 0.96 35.8986 -117.6785 5.670 1.0 0.000 0.000 0.000 125
2000 12 13 15 0 1.09 35.6035 -117.4240 4.480 1.0 0.000 0.000 0.000 126
2000 12 13 15 0 0.98 35.8894 -117.6831 7.880 1.0 0.000 0.000 0.000 127
2000 12 13 15 0 0.96 35.9408 -117.6617 4.410 1.0 0.000 0.000 0.000 128
2000 12 13 15 0 0.89 35.7259 -117.5161 4.800 1.0 0.000 0.000 0.000 129
2000 12 13 15 0 1.02 35.5688 -117.3118 4.100 1.0 0.000 0.000 0.000 130
2000 12 13 15 0 0.89 35.7122 -117.4963 4.370 1.0 0.000 0.000 0.000 131
2000 12 13 15 0 0.93 35.8986 -117.7244 8.890 1.0 0.000 0.000 0.000 132
2000 12 13 15 0 1.08 35.6181 -117.4217 4.960 1.0 0.000 0.000 0.000 133
2000 12 13 15 0 0.93 36.0507 -117.8455 2.600 1.0 0.000 0.000 0.000 134
2000 12 13 15 0 1.04 35.6254 -117.4367 6.680 1.0 0.000 0.000 0.000 135
2000 12 13 15 0 0.98 35.5715 -117.6015 4.620 1.0 0.000 0.000 0.000 136
2000 12 13 15 0 1.07 35.6000 -117.4241 6.420 1.0 0.000 0.000 0.000 137
2000 12 13 15 0 1.09 35.8345 -117.6500 6.170 1.0 0.000 0.000 0.000 138
2000 12 13 15 0 1.03 35.6270 -117.4137 6.190 1.0 0.000 0.000 0.000 139
2000 12 13 15 0 0.93 35.8890 -117.6859 8.030 1.0 0.000 0.000 0.000 140
2000 12 13 15 0 0.93 35.7224 -117.5440 5.000 1.0 0.000 0.000 0.000 141
2000 12 13 15 0 0.93 35.6595 -117.4631 1.480 1.0 0.000 0.000 0.000 142
2000 12 13 15 0 1.06 35.7061 -117.5865 7.480 1.0 0.000 0.000 0.000 143
2000 12 13 15 0 0.98 35.9109 -117.7116 8.760 1.0 0.000 0.000 0.000 144
2000 12 13 15 0 1.06 35.7122 -117.5670 7.350 1.0 0.000 0.000 0.000 145
2000 12 13 15 0 1.01 35.9265 -117.7234 5.300 1.0 0.000 0.000 0.000 146
2000 12 13 15 0 1.05 35.6153 -117.4634 3.170 1.0 0.000 0.000 0.000 147
2000 12 13 15 0 0.96 35.9007 -117.6986 8.190 1.0 0.000 0.000 0.000 148
2000 12 13 15 0 0.98 35.6726 -117.4840 4.320 1.0 0.000 0.000 0.000 149
2000 12 13 15 0 0.97 35.9062 -117.6787 5.600 1.0 0.000 0.000 0.000 150
2000 12 13 15 0 1.03 35.9030 -117.6687 6.660 1.0 0.000 0.000 0.000 151
2000 12 13 15 0 0.91 35.9459 -117.6867 5.270 1.0 0.000 0.000 0.000 152
2000 12 13 15 0 0.95 35.8981 -117.6776 6.820 1.0 0.000 0.000 0.000 153
2000 12 13 15 0 0.95 35.9339 -117.7080 4.820 1.0 0.000 0.000 0.000 154
2000 12 13 15 0 0.98 35.9292 -117.7180 6.680 1.0 0.000 0.000 0.000 155
2000 12 13 15 0 0.87 35.5737 -117.6231 3.830 1.0 0.000 0.000 0.000 156
2000 12 13 15 0 1.11 35.5989 -117.4170 4.980 1.0 0.000 0.000 0.000 157
2000 12 13 15 0 1.02 35.6380 -117.4249 3.000 1.0 0.000 0.000 0.000 158
2000 12 13 15 0 0.98 35.8894 -117.7061 5.280 1.0 0.000 0.000 0.000 159
2000 12 13 15 0 0.94 35.7476 -117.5254 5.860 1.0 0.000 0.000 0.000 160
2000 12 13 15 0 1.14 35.6857 -117.5313 8.110 1.0 0.000 0.000 0.000 161
2000 12 13 15 0 0.94 35.6721 -117.4873 3.670 1.0 0.000 0.000 0.000 162
2000 12 13 15 0 0.92 35.9712 -117.7047 4.540 1.0 0.000 0.000 0.000 163
2000 12 13 15 0 0.98 35.9119 -117.7377 8.570 1.0 0.000 0.000 0.000 164
2000 12 13 15 0 0.98 35.9362 -117.7176 4.690 1.0 0.000 0.000 0.000 165
2000 12 13 15 0 1.03 35.7565 -117.5597 7.420 1.0 0.000 0.000 0.000 166
2000 12 13 15 0 0.93 36.0612 -117.8411 3.170 1.0 0.000 0.000 0.000 167
2000 12 13 15 0 0.9 36.0605 -117.8444 3.050 1.0 0.000 0.000 0.000 168
2000 12 13 15 0 0.9 35.7191 -117.5217 4.750 1.0 0.000 0.000 0.000 169
2000 12 13 15 0 1.05 35.5800 -117.6191 4.790 1.0 0.000 0.000 0.000 170
2000 12 13 15 0 0.96 35.6834 -117.4832 0.630 1.0 0.000 0.000 0.000 171
2000 12 13 15 0 0.98 35.9124 -117.7108 4.720 1.0 0.000 0.000 0.000 172
2000 12 13 15 0 0.89 35.6814 -117.4797 0.150 1.0 0.000 0.000 0.000 173
2000 12 13 15 0 1.07 35.6665 -117.5222 8.560 1.0 0.000 0.000 0.000 174
2000 12 13 15 0 0.98 35.7317 -117.5309 6.020 1.0 0.000 0.000 0.000 175
2000 12 13 15 0 1.01 35.7567 -117.5653 5.690 1.0 0.000 0.000 0.000 176
2000 12 13 15 0 0.93 35.9213 -117.6855 5.640 1.0 0.000 0.000 0.000 177
2000 12 13 15 0 0.93 35.6704 -117.4875 2.820 1.0 0.000 0.000 0.000 178
2000 12 13 15 0 0.88 35.9643 -117.6957 4.760 1.0 0.000 0.000 0.000 179
2000 12 13 15 0 1.1 35.5953 -117.4169 5.590 1.0 0.000 0.000 0.000 180
2000 12 13 15 0 0.96 35.9135 -117.7445 6.280 1.0 0.000 0.000 0.000 181
2000 12 13 15 0 0.96 35.9384 -117.7077 6.710 1.0 0.000 0.000 0.000 182
2000 12 13 15 0 0.96 35.6957 -117.5012 5.170 1.0 0.000 0.000 0.000 183
2000 12 13 15 0 0.84 35.9776 -117.6536 4.040 1.0 0.000 0.000 0.000 184
2000 12 13 15 0 0.93 35.9399 -117.6699 4.350 1.0 0.000 0.000 0.000 185
2000 12 13 15 0 0.97 35.8914 -117.6827 8.070 1.0 0.000 0.000 0.000 186
2000 12 13 15 0 0.94 35.9525 -117.6892 4.710 1.0 0.000 0.000 0.000 187
2000 12 13 15 0 0.92 35.9438 -117.6932 5.250 1.0 0.000 0.000 0.000 188
2000 12 13 15 0 0.95 35.9253 -117.7242 7.110 1.0 0.000 0.000 0.000 189
2000 12 13 15 0 0.94 35.7199 -117.5491 4.950 1.0 0.000 0.000 0.000 190
2000 12 13 15 0 0.8 35.6020 -117.5776 2.990 1.0 0.000 0.000 0.000 191
2000 12 13 15 0 0.96 35.8986 -117.6746 5.450 1.0 0.000 0.000 0.000 192
2000 12 13 15 0 0.95 35.8828 -117.6865 8.560 1.0 0.000 0.000 0.000 193
2000 12 13 15 0 0.87 35.9764 -117.6532 3.920 1.0 0.000 0.000 0.000 194
2000 12 13 15 0 1.07 35.6853 -117.5114 7.500 1.0 0.000 0.000 0.000 195
2000 12 13 15 0 0.99 35.6707 -117.4574 6.060 1.0 0.000 0.000 0.000 196
2000 12 13 15 0 1.01 35.6339 -117.4652 4.860 1.0 0.000 0.000 0.000 197
2000 12 13 15 0 1.04 35.6739 -117.5064 7.160 1.0 0.000 0.000 0.000 198
2000 12 13 15 0 0.96 35.8961 -117.6672 7.770 1.0 0.000 0.000 0.000 199
2000 12 13 15 0 0.92 36.0527 -117.8491 3.400 1.0 0.000 0.000 0.000 200
2000 12 13 15 0 0.95 35.6592 -117.4904 2.690 1.0 0.000 0.000 0.000 201
2000 12 13 15 0 0.93 35.6622 -117.4893 3.770 1.0 0.000 0.000 0.000 202
2000 12 13 15 0 0.95 35.8991 -117.6726 5.310 1.0 0.000 0.000 0.000 203
2000 12 13 15 0 0.95 35.7093 -117.4981 4.850 1.0 0.000 0.000 0.000 204
2000 12 13 15 0 1.02 35.9149 -117.7188 5.530 1.0 0.000 0.000 0.000 205
2000 12 13 15 0 0.99 35.8966 -117.6707 5.040 1.0 0.000 0.000 0.000 206
2000 12 13 15 0 0.88 35.9790 -117.6593 3.780 1.0 0.000 0.000 0.000 207
2000 12 13 15 0 1.01 35.7568 -117.5649 5.700 1.0 0.000 0.000 0.000 208
2000 12 13 15 0 0.9 35.9411 -117.7051 5.010 1.0 0.000 0.000 0.000 209
2000 12 13 15 0 0.98 35.9268 -117.7221 5.090 1.0 0.000 0.000 0.000 210
2000 12 13 15 0 0.93 35.7264 -117.5400 5.020 1.0 0.000 0.000 0.000 211
2000 12 13 15 0 0.86 35.9777 -117.6560 3.920 1.0 0.000 0.000 0.000 212
2000 12 13 15 0 1.02 35.9242 -117.7063 5.280 1.0 0.000 0.000 0.000 213
2000 12 13 15 0 0.97 35.5994 -117.5992 3.620 1.0 0.000 0.000 0.000 214
2000 12 13 15 0 0.9 35.5692 -117.5959 3.620 1.0 0.000 0.000 0.000 215
2000 12 13 15 0 0.93 35.9634 -117.6985 4.830 1.0 0.000 0.000 0.000 216
2000 12 13 15 0 0.93 36.0555 -117.8381 3.060 1.0 0.000 0.000 0.000 217
2000 12 13 15 0 0.95 35.9337 -117.6953 5.000 1.0 0.000 0.000 0.000 218
2000 12 13 15 0 0.98 35.7195 -117.5368 4.680 1.0 0.000 0.000 0.000 219
2000 12 13 15 0 0.92 35.6646 -117.4777 3.060 1.0 0.000 0.000 0.000 220
2000 12 13 15 0 0.93 35.9569 -117.6774 3.860 1.0 0.000 0.000 0.000 221
2000 12 13 15 0 0.96 35.9103 -117.7400 8.210 1.0 0.000 0.000 0.000 222
2000 12 13 15 0 0.98 35.9132 -117.6729 4.690 1.0 0.000 0.000 0.000 223
2000 12 13 15 0 0.99 36.0635 -117.8302 3.210 1.0 0.000 0.000 0.000 224
2000 12 13 15 0 0.99 36.0651 -117.8358 3.740 1.0 0.000 0.000 0.000 225
2000 12 13 15 0 1.03 35.6775 -117.5275 6.760 1.0 0.000 0.000 0.000 226
2000 12 13 15 0 0.98 35.8844 -117.6962 6.900 1.0 0.000 0.000 0.000 227
2000 12 13 15 0 0.99 35.9194 -117.7124 5.590 1.0 0.000 0.000 0.000 228
2000 12 13 15 0 0.88 36.0467 -117.8445 3.320 1.0 0.000 0.000 0.000 229
2000 12 13 15 0 0.95 35.9271 -117.7048 6.590 1.0 0.000 0.000 0.000 230
2000 12 13 15 0 1.08 35.6144 -117.4657 3.740 1.0 0.000 0.000 0.000 231
2000 12 13 15 0 1.14 35.5865 -117.3548 5.640 1.0 0.000 0.000 0.000 232
2000 12 13 15 0 0.95 35.5764 -117.6201 4.360 1.0 0.000 0.000 0.000 233
2000 12 13 15 0 0.98 35.9080 -117.7001 7.740 1.0 0.000 0.000 0.000 234
2000 12 13 15 0 0.86 35.6940 -117.4826 0.600 1.0 0.000 0.000 0.000 235
2000 12 13 15 0 0.92 35.6037 -117.5872 3.480 1.0 0.000 0.000 0.000 236
2000 12 13 15 0 1.05 35.6126 -117.4396 5.780 1.0 0.000 0.000 0.000 237
2000 12 13 15 0 0.93 35.8818 -117.6903 8.760 1.0 0.000 0.000 0.000 238
2000 12 13 15 0 1.05 35.8913 -117.6685 4.430 1.0 0.000 0.000 0.000 239
2000 12 13 15 0 1.02 35.6816 -117.5203 8.230 1.0 0.000 0.000 0.000 240
2000 12 13 15 0 0.98 35.7787 -117.5676 6.500 1.0 0.000 0.000 0.000 241
2000 12 13 15 0 0.95 35.9916 -117.6673 3.990 1.0 0.000 0.000 0.000 242
2000 12 13 15 0 0.97 35.6375 -117.4339 4.490 1.0 0.000 0.000 0.000 243
2000 12 13 15 0 0.9 35.9700 -117.7014 4.880 1.0 0.000 0.000 0.000 244
2000 12 13 15 0 0.89 35.9726 -117.7086 4.690 1.0 0.000 0.000 0.000 245
2000 12 13 15 0 0.95 35.9257 -117.7020 5.510 1.0 0.000 0.000 0.000 246
2000 12 13 15 0 0.88 35.9757 -117.6542 4.070 1.0 0.000 0.000 0.000 247
2000 12 13 15 0 0.9 35.9282 -117.7025 5.240 1.0 0.000 0.000 0.000 248
2000 12 13 15 0 1.09 35.6848 -117.5129 7.500 1.0 0.000 0.000 0.000 249
2000 12 13 15 0 0.9 35.6780 -117.4741 4.350 1.0 0.000 0.000 0.000 250
2000 12 13 15 0 1.02 35.7077 -117.5322 6.210 1.0 0.000 0.000 0.000 251
2000 12 13 15 0 1.0 35.8980 -117.7228 7.550 1.0 0.000 0.000 0.000 252
2000 12 13 15 0 1.0 35.6876 -117.4688 5.760 1.0 0.000 0.000 0.000 253
2000 12 13 15 0 0.89 35.6837 -117.4710 3.680 1.0 0.000 0.000 0.000 254
2000 12 13 15 0 1.11 35.6016 -117.3985 6.990 1.0 0.000 0.000 0.000 255
2000 12 13 15 0 0.81 35.9512 -117.6662 4.550 1.0 0.000 0.000 0.000 256
2000 12 13 15 0 0.89 35.6863 -117.4871 1.620 1.0 0.000 0.000 0.000 257
2000 12 13 15 0 0.9 35.7481 -117.5549 2.410 1.0 0.000 0.000 0.000 258
2000 12 13 15 0 0.89 35.7401 -117.5221 4.980 1.0 0.000 0.000 0.000 259
2000 12 13 15 0 0.98 35.9099 -117.6661 5.200 1.0 0.000 0.000 0.000 260
2000 12 13 15 0 1.0 35.9309 -117.7272 5.390 1.0 0.000 0.000 0.000 261
2000 12 13 15 0 0.99 35.6129 -117.4049 5.420 1.0 0.000 0.000 0.000 262
2000 12 13 15 0 0.94 35.9210 -117.7320 8.130 1.0 0.000 0.000 0.000 263
2000 12 13 15 0 0.99 35.8918 -117.7054 5.370 1.0 0.000 0.000 0.000 264
2000 12 13 15 0 1.1 35.6039 -117.4207 5.190 1.0 0.000 0.000 0.000 265
2000 12 13 15 0 0.9 35.7060 -117.5041 4.640 1.0 0.000 0.000 0.000 266
2000 12 13 15 0 0.98 36.0633 -117.8441 3.780 1.0 0.000 0.000 0.000 267
2000 12 13 15 0 0.92 35.7359 -117.5318 5.550 1.0 0.000 0.000 0.000 268
2000 12 13 15 0 1.04 35.6281 -117.4247 4.870 1.0 0.000 0.000 0.000 269
2000 12 13 15 0 1.0 35.9256 -117.7205 5.160 1.0 0.000 0.000 0.000 270
2000 12 13 15 0 0.99 35.6428 -117.4422 3.750 1.0 0.000 0.000 0.000 271
2000 12 13 15 0 1.05 35.6858 -117.5207 5.960 1.0 0.000 0.000 0.000 272
2000 12 13 15 0 0.96 35.6679 -117.4676 4.940 1.0 0.000 0.000 0.000 273
2000 12 13 15 0 0.95 35.6560 -117.4613 0.790 1.0 0.000 0.000 0.000 274
2000 12 13 15 0 1.02 35.6482 -117.4490 3.370 1.0 0.000 0.000 0.000 275
2000 12 13 15 0 0.97 35.9330 -117.7078 4.580 1.0 0.000 0.000 0.000 276
2000 12 13 15 0 0.88 35.9766 -117.6591 3.910 1.0 0.000 0.000 0.000 277
2000 12 13 15 0 1.07 35.6188 -117.4164 4.520 1.0 0.000 0.000 0.000 278
2000 12 13 15 0 0.88 35.9643 -117.6984 4.590 1.0 0.000 0.000 0.000 279
2000 12 13 15 0 0.99 35.8864 -117.6706 5.760 1.0 0.000 0.000 0.000 280
2000 12 13 15 0 1.0 35.6653 -117.4591 4.430 1.0 0.000 0.000 0.000 281
2000 12 13 15 0 0.98 35.5826 -117.6174 3.960 1.0 0.000 0.000 0.000 282
2000 12 13 15 0 1.07 35.6149 -117.4330 5.280 1.0 0.000 0.000 0.000 283
2000 12 13 15 0 1.1 35.5916 -117.4258 5.250 1.0 0.000 0.000 0.000 284
2000 12 13 15 0 0.9 35.7440 -117.5500 3.540 1.0 0.000 0.000 0.000 285
2000 12 13 15 0 0.9 35.9922 -117.6622 1.460 1.0 0.000 0.000 0.000 286
2000 12 13 15 0 0.99 35.8914 -117.6582 8.320 1.0 0.000 0.000 0.000 287
2000 12 13 15 0 0.99 35.9050 -117.7081 6.290 1.0 0.000 0.000 0.000 288
2000 12 13 15 0 0.89 35.9634 -117.6942 4.950 1.0 0.000 0.000 0.000 289
2000 12 13 15 0 0.84 35.7194 -117.4787 4.580 1.0 0.000 0.000 0.000 290
2000 12 13 15 0 0.96 35.6307 -117.4160 5.660 1.0 0.000 0.000 0.000 291
2000 12 13 15 0 0.83 35.6870 -117.4783 0.770 1.0 0.000 0.000 0.000 292
2000 12 13 15 0 0.94 35.9208 -117.6845 5.120 1.0 0.000 0.000 0.000 293
2000 12 13 15 0 0.95 35.9072 -117.6909 6.890 1.0 0.000 0.000 0.000 294
2000 12 13 15 0 0.99 35.9295 -117.7017 4.970 1.0 0.000 0.000 0.000 295
2000 12 13 15 0 1.08 35.7009 -117.5225 7.750 1.0 0.000 0.000 0.000 296
2000 12 13 15 0 0.92 35.9326 -117.6851 4.970 1.0 0.000 0.000 0.000 297
2000 12 13 15 0 1.04 35.6911 -117.5192 6.250 1.0 0.000 0.000 0.000 298
2000 12 13 15 0 0.92 35.7171 -117.5152 3.980 1.0 0.000 0.000 0.000 299
2000 12 13 15 0 1.05 35.7016 -117.5225 7.700 1.0 0.000 0.000 0.000 300
2000 12 13 15 0 1.02 35.7134 -117.5688 5.840 1.0 0.000 0.000 0.000 301
2000 12 13 15 0 1.04 35.6303 -117.4172 5.240 1.0 0.000 0.000 0.000 302
2000 12 13 15 0 1.05 35.7636 -117.5606 6.960 1.0 0.000 0.000 0.000 303
2000 12 13 15 0 0.93 35.9859 -117.6657 4.030 1.0 0.000 0.000 0.000 304
2000 12 13 15 0 0.98 35.8951 -117.6653 5.700 1.0 0.000 0.000 0.000 305
2000 12 13 15 0 0.96 35.6457 -117.4398 3.050 1.0 0.000 0.000 0.000 306
2000 12 13 15 0 0.91 35.9221 -117.6877 5.100 1.0 0.000 0.000 0.000 307
2000 12 13 15 0 0.91 35.9246 -117.6758 5.170 1.0 0.000 0.000 0.000 308
2000 12 13 15 0 1.01 35.6607 -117.4941 5.300 1.0 0.000 0.000 0.000 309
2000 12 13 15 0 1.02 35.6183 -117.4136 5.560 1.0 0.000 0.000 0.000 310
2000 12 13 15 0 0.82 35.6002 -117.5934 2.350 1.0 0.000 0.000 0.000 311
2000 12 13 15 0 1.0 35.6005 -117.5925 3.870 1.0 0.000 0.000 0.000 312
2000 12 13 15 0 1.09 35.6003 -117.3929 7.350 1.0 0.000 0.000 0.000 313
2000 12 13 15 0 1.06 35.6288 -117.4301 3.330 1.0 0.000 0.000 0.000 314
2000 12 13 15 0 0.91 35.7116 -117.4944 4.820 1.0 0.000 0.000 0.000 315
2000 12 13 15 0 0.86 35.7356 -117.5250 4.350 1.0 0.000 0.000 0.000 316
2000 12 13 15 0 0.98 36.0598 -117.8424 3.810 1.0 0.000 0.000 0.000 317
2000 12 13 15 0 0.91 35.9509 -117.6920 4.700 1.0 0.000 0.000 0.000 318
2000 12 13 15 0 0.94 35.9410 -117.6922 4.800 1.0 0.000 0.000 0.000 319
2000 12 13 15 0 1.01 35.8973 -117.7230 6.830 1.0 0.000 0.000 0.000 320
2000 12 13 15 0 0.89 35.9439 -117.6922 4.830 1.0 0.000 0.000 0.000 321
2000 12 13 15 0 0.93 35.6005 -117.5928 3.300 1.0 0.000 0.000 0.000 322
2000 12 13 15 0 0.91 35.7087 -117.5391 4.990 1.0 0.000 0.000 0.000 323
2000 12 13 15 0 0.9 35.6748 -117.4688 3.740 1.0 0.000 0.000 0.000 324
2000 12 13 15 0 1.08 35.6186 -117.5935 5.890 1.0 0.000 0.000 0.000 325
2000 12 13 15 0 0.85 35.9869 -117.6601 4.180 1.0 0.000 0.000 0.000 326
2000 12 13 15 0 0.97 35.7653 -117.5604 5.850 1.0 0.000 0.000 0.000 327
2000 12 13 15 0 0.97 35.7532 -117.5668 5.840 1.0 0.000 0.000 0.000 328
2000 12 13 15 0 0.97 35.9171 -117.7155 6.900 1.0 0.000 0.000 0.000 329
2000 12 13 15 0 0.96 35.9031 -117.7091 8.650 1.0 0.000 0.000 0.000 330
2000 12 13 15 0 0.92 35.6696 -117.4762 1.500 1.0 0.000 0.000 0.000 331
2000 12 13 15 0 0.96 35.9090 -117.6925 5.420 1.0 0.000 0.000 0.000 332
2000 12 13 15 0 0.99 35.8898 -117.6779 5.230 1.0 0.000 0.000 0.000 333
2000 12 13 15 0 1.05 35.6042 -117.4369 6.880 1.0 0.000 0.000 0.000 334
2000 12 13 15 0 0.97 35.9325 -117.7010 4.950 1.0 0.000 0.000 0.000 335
2000 12 13 15 0 1.03 35.6296 -117.4369 6.550 1.0 0.000 0.000 0.000 336
2000 12 13 15 0 1.02 35.6336 -117.4281 6.130 1.0 0.000 0.000 0.000 337
2000 12 13 15 0 0.97 35.9040 -117.6943 7.740 1.0 0.000 0.000 0.000 338
2000 12 13 15 0 1.0 35.7362 -117.5598 7.860 1.0 0.000 0.000 0.000 339
2000 12 13 15 0 1.03 35.6345 -117.4308 4.540 1.0 0.000 0.000 0.000 340
2000 12 13 15 0 1.05 35.8898 -117.7063 5.720 1.0 0.000 0.000 0.000 341
2000 12 13 15 0 0.94 35.9055 -117.7277 8.470 1.0 0.000 0.000 0.000 342
2000 12 13 15 0 0.94 35.8634 -117.6686 9.670 1.0 0.000 0.000 0.000 343
2000 12 13 15 0 0.92 35.6850 -117.4966 3.630 1.0 0.000 0.000 0.000 344
2000 12 13 15 0 1.02 35.6304 -117.4259 3.830 1.0 0.000 0.000 0.000 345
2000 12 13 15 0 1.01 35.9069 -117.6875 5.540 1.0 0.000 0.000 0.000 346
2000 12 13 15 0 1.02 35.6087 -117.5804 4.570 1.0 0.000 0.000 0.000 347
2000 12 13 15 0 0.92 35.9550 -117.6689 4.200 1.0 0.000 0.000 0.000 348
2000 12 13 15 0 0.77 36.0548 -117.8250 0.750 1.0 0.000 0.000 0.000 349
2000 12 13 15 0 0.9 35.6579 -117.4827 4.820 1.0 0.000 0.000 0.000 350
2000 12 13 15 0 0.95 35.9120 -117.6757 4.740 1.0 0.000 0.000 0.000 351
2000 12 13 15 0 1.05 35.8973 -117.6750 4.320 1.0 0.000 0.000 0.000 352
2000 12 13 15 0 1.03 35.6345 -117.4387 3.100 1.0 0.000 0.000 0.000 353
2000 12 13 15 0 1.12 35.8509 -117.6533 5.890 1.0 0.000 0.000 0.000 354
2000 12 13 15 0 0.87 35.9496 -117.6927 4.360 1.0 0.000 0.000 0.000 355
2000 12 13 15 0 0.9 35.7526 -117.5421 3.980 1.0 0.000 0.000 0.000 356
2000 12 13 15 0 1.05 35.6131 -117.4635 4.730 1.0 0.000 0.000 0.000 357
2000 12 13 15 0 0.89 35.9806 -117.6711 3.660 1.0 0.000 0.000 0.000 358
2000 12 13 15 0 0.91 35.9484 -117.6806 4.900 1.0 0.000 0.000 0.000 359
2000 12 13 15 0 0.95 35.7191 -117.5503 4.910 1.0 0.000 0.000 0.000 360
2000 12 13 15 0 1.11 35.8428 -117.6435 5.300 1.0 0.000 0.000 0.000 361
2000 12 13 15 0 0.98 36.0599 -117.8483 3.410 1.0 0.000 0.000 0.000 362
2000 12 13 15 0 1.11 36.0298 -117.8591 2.830 1.0 0.000 0.000 0.000 363
2000 12 13 15 0 0.9 35.5790 -117.6220 3.500 1.0 0.000 0.000 0.000 364
2000 12 13 15 0 0.97 35.6981 -117.5133 5.990 1.0 0.000 0.000 0.000 365
2000 12 13 15 0 0.91 35.9860 -117.6675 4.440 1.0 0.000 0.000 0.000 366
2000 12 13 15 0 0.92 35.9183 -117.6894 5.310 1.0 0.000 0.000 0.000 367
2000 12 13 15 0 1.12 35.6182 -117.5794 5.430 1.0 0.000 0.000 0.000 368
2000 12 13 15 0 0.92 35.9415 -117.6848 5.140 1.0 0.000 0.000 0.000 369
2000 12 13 15 0 1.11 35.8366 -117.6507 6.190 1.0 0.000 0.000 0.000 370
2000 12 13 15 0 1.06 35.6249 -117.4405 5.130 1.0 0.000 0.000 0.000 371
2000 12 13 15 0 1.03 35.6529 -117.4573 4.500 1.0 0.000 0.000 0.000 372
2000 12 13 15 0 1.01 35.6751 -117.4618 6.030 1.0 0.000 0.000 0.000 373
2000 12 13 15 0 0.95 35.9387 -117.6992 4.150 1.0 0.000 0.000 0.000 374
2000 12 13 15 0 1.01 35.6604 -117.4597 4.420 1.0 0.000 0.000 0.000 375
2000 12 13 15 0 0.92 35.6712 -117.4780 2.260 1.0 0.000 0.000 0.000 376
2000 12 13 15 0 0.97 35.8984 -117.7139 6.360 1.0 0.000 0.000 0.000 377
2000 12 13 15 0 1.06 35.7075 -117.5841 7.650 1.0 0.000 0.000 0.000 378
2000 12 13 15 0 0.88 36.0309 -117.8489 3.830 1.0 0.000 0.000 0.000 379
2000 12 13 15 0 0.97 35.6391 -117.4615 4.270 1.0 0.000 0.000 0.000 380
2000 12 13 15 0 1.02 35.9245 -117.7288 5.130 1.0 0.000 0.000 0.000 381
2000 12 13 15 0 0.85 35.5737 -117.6204 3.450 1.0 0.000 0.000 0.000 382
2000 12 13 15 0 1.12 35.5908 -117.3588 5.760 1.0 0.000 0.000 0.000 383
2000 12 13 15 0 1.02 35.6563 -117.4475 3.070 1.0 0.000 0.000 0.000 384
2000 12 13 15 0 1.04 35.8857 -117.6982 5.780 1.0 0.000 0.000 0.000 385
2000 12 13 15 0 0.92 35.9556 -117.6839 4.670 1.0 0.000 0.000 0.000 386
2000 12 13 15 0 0.94 35.9099 -117.6701 5.170 1.0 0.000 0.000 0.000 387
2000 12 13 15 0 0.92 35.9109 -117.6590 6.340 1.0 0.000 0.000 0.000 388
2000 12 13 15 0 0.98 35.9029 -117.6940 5.180 1.0 0.000 0.000 0.000 389
2000 12 13 15 0 0.95 35.9197 -117.7366 5.570 1.0 0.000 0.000 0.000 390
2000 12 13 15 0 1.08 35.5993 -117.4258 5.030 1.0 0.000 0.000 0.000 391
2000 12 13 15 0 0.98 35.8974 -117.6755 5.660 1.0 0.000 0.000 0.000 392
2000 12 13 15 0 1.0 35.6370 -117.4590 3.380 1.0 0.000 0.000 0.000 393
2000 12 13 15 0 1.04 35.6314 -117.4535 5.770 1.0 0.000 0.000 0.000 394
2000 12 13 15 0 0.94 35.9100 -117.6651 4.780 1.0 0.000 0.000 0.000 395
2000 12 13 15 0 1.07 35.8841 -117.6949 4.590 1.0 0.000 0.000 0.000 396
2000 12 13 15 0 1.12 35.6094 -117.4280 5.440 1.0 0.000 0.000 0.000 397
2000 12 13 15 0 1.06 35.7063 -117.5191 7.650 1.0 0.000 0.000 0.000 398
2000 12 13 15 0 0.95 35.9559 -117.6799 4.500 1.0 0.000 0.000 0.000 399
2000 12 13 15 0 0.99 35.6066 -117.5923 3.710 1.0 0.000 0.000 0.000 400
2000 12 13 15 0 0.97 35.8944 -117.6792 7.580 1.0 0.000 0.000 0.000 401
2000 12 13 15 0 1.02 35.9166 -117.7354 6.580 1.0 0.000 0.000 0.000 402
2000 12 13 15 0 1.04 35.6165 -117.4417 3.650 1.0 0.000 0.000 0.000 403
2000 12 13 15 0 0.97 35.6026 -117.5893 4.010 1.0 0.000 0.000 0.000 404
2000 12 13 15 0 0.97 35.9112 -117.6676 4.730 1.0 0.000 0.000 0.000 405
2000 12 13 15 0 0.95 35.9584 -117.7127 4.560 1.0 0.000 0.000 0.000 406
2000 12 13 15 0 0.97 35.9398 -117.6742 4.650 1.0 0.000 0.000 0.000 407
2000 12 13 15 0 0.98 35.6495 -117.4513 2.590 1.0 0.000 0.000 0.000 408
2000 12 13 15 0 1.08 35.6672 -117.5191 7.840 1.0 0.000 0.000 0.000 409
2000 12 13 15 0 1.0 35.6427 -117.4241 4.180 1.0 0.000 0.000 0.000 410
2000 12 13 15 0 1.13 35.8254 -117.6313 4.850 1.0 0.000 0.000 0.000 411
2000 12 13 15 0 0.99 35.6465 -117.4385 3.980 1.0 0.000 0.000 0.000 412
2000 12 13 15 0 1.0 35.6364 -117.4609 3.280 1.0 0.000 0.000 0.000 413
2000 12 13 15 0 1.07 35.6952 -117.5230 6.410 1.0 0.000 0.000 0.000 414
2000 12 13 15 0 0.83 35.9810 -117.6599 3.790 1.0 0.000 0.000 0.000 415
2000 12 13 15 0 1.06 36.0449 -117.8308 2.990 1.0 0.000 0.000 0.000 416
2000 12 13 15 0 0.85 35.9803 -117.6506 4.040 1.0 0.000 0.000 0.000 417
2000 12 13 15 0 0.92 35.9926 -117.6653 3.290 1.0 0.000 0.000 0.000 418
2000 12 13 15 0 1.18 35.6658 -117.5307 7.250 1.0 0.000 0.000 0.000 419
2000 12 13 15 0 1.03 35.6085 -117.3833 6.640 1.0 0.000 0.000 0.000 420
2000 12 13 15 0 1.0 35.6182 -117.4069 5.800 1.0 0.000 0.000 0.000 421
2000 12 13 15 0 1.04 36.0596 -117.8302 3.080 1.0 0.000 0.000 0.000 422
2000 12 13 15 0 0.97 35.5863 -117.4152 5.600 1.0 0.000 0.000 0.000 423
2000 12 13 15 0 0.96 35.8989 -117.6745 5.640 1.0 0.000 0.000 0.000 424
2000 12 13 15 0 1.0 35.8987 -117.6733 7.990 1.0 0.000 0.000 0.000 425
2000 12 13 15 0 0.91 35.6794 -117.4896 1.220 1.0 0.000 0.000 0.000 426
2000 12 13 15 0 0.99 35.6782 -117.4864 0.620 1.0 0.000 0.000 0.000 427
2000 12 13 15 0 0.91 35.9677 -117.6977 4.830 1.0 0.000 0.000 0.000 428
2000 12 13 15 0 1.02 35.9186 -117.6851 5.060 1.0 0.000 0.000 0.000 429
2000 12 13 15 0 0.86 35.6852 -117.4797 1.040 1.0 0.000 0.000 0.000 430
2000 12 13 15 0 1.01 35.7617 -117.5700 6.680 1.0 0.000 0.000 0.000 431
2000 12 13 15 0 1.07 35.6381 -117.4311 4.470 1.0 0.000 0.000 0.000 432
2000 12 13 15 0 1.1 35.6688 -117.5161 7.240 1.0 0.000 0.000 0.000 433
2000 12 13 15 0 1.02 36.0446 -117.8566 3.150 1.0 0.000 0.000 0.000 434
2000 12 13 15 0 0.93 35.9462 -117.6920 4.950 1.0 0.000 0.000 0.000 435
2000 12 13 15 0 1.06 35.6741 -117.5179 7.990 1.0 0.000 0.000 0.000 436
2000 12 13 15 0 0.95 35.9269 -117.7277 7.050 1.0 0.000 0.000 0.000 437
2000 12 13 15 0 1.03 35.6316 -117.4232 5.660 1.0 0.000 0.000 0.000 438
2000 12 13 15 0 0.97 35.6667 -117.4515 5.970 1.0 0.000 0.000 0.000 439
2000 12 13 15 0 1.05 35.6132 -117.4609 4.310 1.0 0.000 0.000 0.000 440
2000 12 13 15 0 1.02 35.9144 -117.7123 6.470 1.0 0.000 0.000 0.000 441
2000 12 13 15 0 0.96 35.7774 -117.5519 5.960 1.0 0.000 0.000 0.000 442
2000 12 13 15 0 0.89 35.9764 -117.6575 4.420 1.0 0.000 0.000 0.000 443
2000 12 13 15 0 0.86 35.7120 -117.4945 4.530 1.0 0.000 0.000 0.000 444
2000 12 13 15 0 0.88 35.7471 -117.5411 3.960 1.0 0.000 0.000 0.000 445
2000 12 13 15 0 1.02 35.7091 -117.4977 5.840 1.0 0.000 0.000 0.000 446
2000 12 13 15 0 1.02 35.9086 -117.6750 5.930 1.0 0.000 0.000 0.000 447
2000 12 13 15 0 0.94 35.5799 -117.6198 3.660 1.0 0.000 0.000 0.000 448
2000 12 13 15 0 1.26 35.5740 -117.3438 4.450 1.0 0.000 0.000 0.000 449
2000 12 13 15 0 0.89 35.9768 -117.6514 4.260 1.0 0.000 0.000 0.000 450
2000 12 13 15 0 0.99 35.5691 -117.5969 4.470 1.0 0.000 0.000 0.000 451
2000 12 13 15 0 0.99 35.9275 -117.7000 7.120 1.0 0.000 0.000 0.000 452
2000 12 13 15 0 0.95 35.6705 -117.4897 3.150 1.0 0.000 0.000 0.000 453
2000 12 13 15 0 0.94 35.9212 -117.6831 5.250 1.0 0.000 0.000 0.000 454
2000 12 13 15 0 1.1 35.8319 -117.6383 5.400 1.0 0.000 0.000 0.000 455
2000 12 13 15 0 1.08 35.6678 -117.5236 7.660 1.0 0.000 0.000 0.000 456
2000 12 13 15 0 0.97 35.6435 -117.4545 3.290 1.0 0.000 0.000 0.000 457
2000 12 13 15 0 1.04 35.7090 -117.5752 7.240 1.0 0.000 0.000 0.000 458
2000 12 13 15 0 1.06 35.6401 -117.4259 5.740 1.0 0.000 0.000 0.000 459
2000 12 13 15 0 0.88 35.5777 -117.6177 3.070 1.0 0.000 0.000 0.000 460
2000 12 13 15 0 1.02 35.6774 -117.5052 7.440 1.0 0.000 0.000 0.000 461
2000 12 13 15 0 1.01 35.7722 -117.5637 6.220 1.0 0.000 0.000 0.000 462
2000 12 13 15 0 0.97 35.7629 -117.5547 5.710 1.0 0.000 0.000 0.000 463
2000 12 13 15 0 1.09 35.6049 -117.4010 6.370 1.0 0.000 0.000 0.000 464
2000 12 13 15 0 0.87 35.9714 -117.7073 4.620 1.0 0.000 0.000 0.000 465
2000 12 13 15 0 0.99 35.9032 -117.6968 7.720 1.0 0.000 0.000 0.000 466
2000 12 13 15 0 1.01 35.7266 -117.5513 7.850 1.0 0.000 0.000 0.000 467
2000 12 13 15 0 0.96 35.9086 -117.6783 5.150 1.0 0.000 0.000 0.000 468
2000 12 13 15 0 1.0 35.8873 -117.6712 5.850 1.0 0.000 0.000 0.000 469
2000 12 13 15 0 0.96 35.7771 -117.5574 5.800 1.0 0.000 0.000 0.000 470
2000 12 13 15 0 1.07 35.5859 -117.6113 6.490 1.0 0.000 0.000 0.000 471
2000 12 13 15 0 0.92 35.7037 -117.5022 4.890 1.0 0.000 0.000 0.000 472
2000 12 13 15 0 1.07 35.5796 -117.3405 6.120 1.0 0.000 0.000 0.000 473
2000 12 13 15 0 0.98 35.9025 -117.7008 7.270 1.0 0.000 0.000 0.000 474
2000 12 13 15 0 0.89 35.6828 -117.4877 1.240 1.0 0.000 0.000 0.000 475
2000 12 13 15 0 0.93 35.9274 -117.6867 4.880 1.0 0.000 0.000 0.000 476
2000 12 13 15 0 0.93 35.6811 -117.4603 4.220 1.0 0.000 0.000 0.000 477
2000 12 13 15 0 1.0 35.7544 -117.5578 7.620 1.0 0.000 0.000 0.000 478
2000 12 13 15 0 0.92 36.0593 -117.8416 3.140 1.0 0.000 0.000 0.000 479
2000 12 13 15 0 1.15 35.6643 -117.5133 6.690 1.0 0.000 0.000 0.000 480
2000 12 13 15 0 0.97 36.0595 -117.8400 3.080 1.0 0.000 0.000 0.000 481
2000 12 13 15 0 0.99 35.8873 -117.6665 6.480 1.0 0.000 0.000 0.000 482
2000 12 13 15 0 0.98 35.9063 -117.6741 7.780 1.0 0.000 0.000 0.000 483
2000 12 13 15 0 0.88 35.6560 -117.4374 2.380 1.0 0.000 0.000 0.000 484
2000 12 13 15 0 0.97 35.6564 -117.4494 4.060 1.0 0.000 0.000 0.000 485
2000 12 13 15 0 0.98 35.8903 -117.6735 5.810 1.0 0.000 0.000 0.000 486
2000 12 13 15 0 1.08 35.8353 -117.6495 6.570 1.0 0.000 0.000 0.000 487
2000 12 13 15 0 1.04 35.9003 -117.6685 4.630 1.0 0.000 0.000 0.000 488
2000 12 13 15 0 1.01 35.5748 -117.6224 5.030 1.0 0.000 0.000 0.000 489
2000 12 13 15 0 1.23 35.5787 -117.3553 4.620 1.0 0.000 0.000 0.000 490
2000 12 13 15 0 1.01 35.9181 -117.7054 4.900 1.0 0.000 0.000 0.000 491
2000 12 13 15 0 1.05 35.6851 -117.5013 7.680 1.0 0.000 0.000 0.000 492
2000 12 13 15 0 0.96 35.9330 -117.7038 5.500 1.0 0.000 0.000 0.000 493
2000 12 13 15 0 1.05 35.7091 -117.5776 6.140 1.0 0.000 0.000 0.000 494
2000 12 13 15 0 0.87 35.9719 -117.6772 4.150 1.0 0.000 0.000 0.000 495
2000 12 13 15 0 0.88 35.9029 -117.7005 9.740 1.0 0.000 0.000 0.000 496
2000 12 13 15 0 1.02 35.6477 -117.4415 5.280 1.0 0.000 0.000 0.000 497
2000 12 13 15 0 0.9 35.9466 -117.6934 4.990 1.0 0.000 0.000 0.000 498
2000 12 13 15 0 1.04 35.6850 -117.5101 6.630 1.0 0.000 0.000 0.000 499
2000 12 13 15 0 1.03 35.6240 -117.4407 7.170 1.0 0.000 0.000 0.000 500
2000 12 13 15 0 0.99 35.6459 -117.4446 4.140 1.0 0.000 0.000 0.000 501
2000 12 13 15 0 0.97 35.6925 -117.5160 5.400 1.0 0.000 0.000 0.000 502
2000 12 13 15 0 1.03 35.6089 -117.4071 6.980 1.0 0.000 0.000 0.000 503
2000 12 13 15 0 0.99 35.6527 -117.4429 5.160 1.0 0.000 0.000 0.000 504
2000 12 13 15 0 0.93 35.9034 -117.6965 5.200 1.0 0.000 0.000 0.000 505
2000 12 13 15 0 0.96 35.6754 -117.4686 4.350 1.0 0.000 0.000 0.000 506
2000 12 13 15 0 0.94 35.9430 -117.6635 4.430 1.0 0.000 0.000 0.000 507
2000 12 13 15 0 1.01 36.0628 -117.8320 3.160 1.0 0.000 0.000 0.000 508
2000 12 13 15 0 1.16 35.5732 -117.3486 5.850 1.0 0.000 0.000 0.000 509
2000 12 13 15 0 0.95 35.9866 -117.6652 3.850 1.0 0.000 0.000 0.000 510
2000 12 13 15 0 0.91 35.8930 -117.6748 8.250 1.0 0.000 0.000 0.000 511
2000 12 13 15 0 1.08 35.6063 -117.4103 5.210 1.0 0.000 0.000 0.000 512
2000 12 13 15 0 0.96 35.6672 -117.4764 5.100 1.0 0.000 0.000 0.000 513
2000 12 13 15 0 0.89 35.9370 -117.7052 5.070 1.0 0.000 0.000 0.000 514
2000 12 13 15 0 0.98 35.8904 -117.6844 7.610 1.0 0.000 0.000 0.000 515
2000 12 13 15 0 1.01 36.0595 -117.8342 2.790 1.0 0.000 0.000 0.000 516
2000 12 13 15 0 1.0 35.9031 -117.7299 8.100 1.0 0.000 0.000 0.000 517
2000 12 13 15 0 1.04 35.6766 -117.5124 6.750 1.0 0.000 0.000 0.000 518
2000 12 13 15 0 0.94 35.9121 -117.6743 4.880 1.0 0.000 0.000 0.000 519
2000 12 13 15 0 0.89 35.7239 -117.5450 4.620 1.0 0.000 0.000 0.000 520
2000 12 13 15 0 0.9 35.9619 -117.6842 4.640 1.0 0.000 0.000 0.000 521
2000 12 13 15 0 0.94 35.8958 -117.7020 8.510 1.0 0.000 0.000 0.000 522
2000 12 13 15 0 0.89 35.9605 -117.6897 4.930 1.0 0.000 0.000 0.000 523
2000 12 13 15 0 1.09 35.5968 -117.4140 5.230 1.0 0.000 0.000 0.000 524
2000 12 13 15 0 1.03 35.7623 -117.5651 6.840 1.0 0.000 0.000 0.000 525
2000 12 13 15 0 0.99 35.6968 -117.5118 6.040 1.0 0.000 0.000 0.000 526
2000 12 13 15 0 1.0 35.6893 -117.5181 5.440 1.0 0.000 0.000 0.000 527
2000 12 13 15 0 0.94 35.9135 -117.6837 5.240 1.0 0.000 0.000 0.000 528
2000 12 13 15 0 1.08 35.8899 -117.6850 4.770 1.0 0.000 0.000 0.000 529
2000 12 13 15 0 0.87 35.9713 -117.7048 4.400 1.0 0.000 0.000 0.000 530
2000 12 13 15 0 0.97 35.9204 -117.7266 5.620 1.0 0.000 0.000 0.000 531
2000 12 13 15 0 0.94 35.6808 -117.5025 4.510 1.0 0.000 0.000 0.000 532
2000 12 13 15 0 1.01 36.0646 -117.8327 3.070 1.0 0.000 0.000 0.000 533
2000 12 13 15 0 0.86 35.7134 -117.4918 3.990 1.0 0.000 0.000 0.000 534
2000 12 13 15 0 0.95 36.0354 -117.8434 3.280 1.0 0.000 0.000 0.000 535
2000 12 13 15 0 1.03 35.6533 -117.4419 6.170 1.0 0.000 0.000 0.000 536
2000 12 13 15 0 0.99 35.7787 -117.5584 6.110 1.0 0.000 0.000 0.000 537
2000 12 13 15 0 0.95 35.8707 -117.6627 8.680 1.0 0.000 0.000 0.000 538
2000 12 13 15 0 0.97 35.9186 -117.7146 5.470 1.0 0.000 0.000 0.000 539
2000 12 13 15 0 1.01 35.6338 -117.4237 3.840 1.0 0.000 0.000 0.000 540
2000 12 13 15 0 0.97 35.9016 -117.7173 8.310 1.0 0.000 0.000 0.000 541
2000 12 13 15 0 0.91 35.9399 -117.7029 5.040 1.0 0.000 0.000 0.000 542
2000 12 13 15 0 0.99 35.6406 -117.4582 5.230 1.0 0.000 0.000 0.000 543
2000 12 13 15 0 1.05 35.6985 -117.5274 9.580 1.0 0.000 0.000 0.000 544
2000 12 13 15 0 1.06 35.5628 -117.3214 5.330 1.0 0.000 0.000 0.000 545
2000 12 13 15 0 0.91 35.6891 -117.4739 5.260 1.0 0.000 0.000 0.000 546
2000 12 13 15 0 0.99 35.9039 -117.7134 6.100 1.0 0.000 0.000 0.000 547
2000 12 13 15 0 0.95 35.8925 -117.6847 7.870 1.0 0.000 0.000 0.000 548
2000 12 13 15 0 0.92 35.7758 -117.5446 5.440 1.0 0.000 0.000 0.000 549
2000 12 13 15 0 0.96 35.9305 -117.7030 4.600 1.0 0.000 0.000 0.000 550
2000 12 13 15 0 0.99 36.0576 -117.8451 3.170 1.0 0.000 0.000 0.000 551
2000 12 13 15 0 0.97 35.8853 -117.6859 8.140 1.0 0.000 0.000 0.000 552
2000 12 13 15 0 0.85 35.7253 -117.5187 3.470 1.0 0.000 0.000 0.000 553
2000 12 13 15 0 0.94 35.6721 -117.4750 3.930 1.0 0.000 0.000 0.000 554
2000 12 13 15 0 0.96 35.9004 -117.7286 5.650 1.0 0.000 0.000 0.000 555
2000 12 13 15 0 0.94 36.0489 -117.8561 2.720 1.0 0.000 0.000 0.000 556
2000 12 13 15 0 0.92 35.6772 -117.5019 4.200 1.0 0.000 0.000 0.000 557
2000 12 13 15 0 1.05 35.7229 -117.5603 5.970 1.0 0.000 0.000 0.000 558
2000 12 13 15 0 0.91 35.9412 -117.6746 4.390 1.0 0.000 0.000 0.000 559
2000 12 13 15 0 0.97 35.8999 -117.7257 6.740 1.0 0.000 0.000 0.000 560
2000 12 13 15 0 0.92 35.7442 -117.5550 4.350 1.0 0.000 0.000 0.000 561
2000 12 13 15 0 0.96 35.9226 -117.7013 4.980 1.0 0.000 0.000 0.000 562
2000 12 13 15 0 0.95 36.0339 -117.8333 3.210 1.0 0.000 0.000 0.000 563
2000 12 13 15 0 1.03 35.6332 -117.4453 4.310 1.0 0.000 0.000 0.000 564
2000 12 13 15 0 0.93 35.8800 -117.6880 8.450 1.0 0.000 0.000 0.000 565
2000 12 13 15 0 0.99 35.6513 -117.4519 3.210 1.0 0.000 0.000 0.000 566
2000 12 13 15 0 0.98 35.6908 -117.5066 6.220 1.0 0.000 0.000 0.000 567
2000 12 13 15 0 0.99 35.6887 -117.5061 5.990 1.0 0.000 0.000 0.000 568
2000 12 13 15 0 0.98 35.9533 -117.6819 4.760 1.0 0.000 0.000 0.000 569
2000 12 13 15 0 0.99 35.9336 -117.7055 4.610 1.0 0.000 0.000 0.000 570
2000 12 13 15 0 0.99 35.8982 -117.7052 6.530 1.0 0.000 0.000 0.000 571
2000 12 13 15 0 1.07 35.6952 -117.5264 7.460 1.0 0.000 0.000 0.000 572
2000 12 13 15 0 0.98 35.8927 -117.6811 8.090 1.0 0.000 0.000 0.000 573
2000 12 13 15 0 0.96 35.7100 -117.4964 6.420 1.0 0.000 0.000 0.000 574
2000 12 13 15 0 0.99 36.0423 -117.8556 2.400 1.0 0.000 0.000 0.000 575
2000 12 13 15 0 0.96 35.6044 -117.5761 4.510 1.0 0.000 0.000 0.000 576
2000 12 13 15 0 0.97 35.6822 -117.4962 5.320 1.0 0.000 0.000 0.000 577
2000 12 13 15 0 0.96 35.9089 -117.6774 5.150 1.0 0.000 0.000 0.000 578
2000 12 13 15 0 1.15 35.8502 -117.6482 5.280 1.0 0.000 0.000 0.000 579
2000 12 13 15 0 0.96 35.8959 -117.7268 7.660 1.0 0.000 0.000 0.000 580
2000 12 13 15 0 1.01 35.6469 -117.4480 4.300 1.0 0.000 0.000 0.000 581
2000 12 13 15 0 0.93 35.9162 -117.6943 5.940 1.0 0.000 0.000 0.000 582
2000 12 13 15 0 1.13 35.6603 -117.5210 8.800 1.0 0.000 0.000 0.000 583
2000 12 13 15 0 0.91 35.6664 -117.4530 0.390 1.0 0.000 0.000 0.000 584
2000 12 13 15 0 0.92 35.9875 -117.6645 4.610 1.0 0.000 0.000 0.000 585
2000 12 13 15 0 0.89 35.9867 -117.6643 4.340 1.0 0.000 0.000 0.000 586
2000 12 13 15 0 0.97 35.9267 -117.7062 6.710 1.0 0.000 0.000 0.000 587
2000 12 13 15 0 0.99 35.9235 -117.7215 5.510 1.0 0.000 0.000 0.000 588
2000 12 13 15 0 0.92 35.9867 -117.6709 3.410 1.0 0.000 0.000 0.000 589
2000 12 13 15 0 1.03 35.6292 -117.4537 4.690 1.0 0.000 0.000 0.000 590
2000 12 13 15 0 0.99 35.6219 -117.4108 7.360 1.0 0.000 0.000 0.000 591
2000 12 13 15 0 0.95 35.8902 -117.6873 8.040 1.0 0.000 0.000 0.000 592
2000 12 13 15 0 1.04 35.5905 -117.4205 5.560 1.0 0.000 0.000 0.000 593
2000 12 13 15 0 0.92 35.9251 -117.6492 4.630 1.0 0.000 0.000 0.000 594
2000 12 13 15 0 0.95 35.8970 -117.6818 9.570 1.0 0.000 0.000 0.000 595
2000 12 13 15 0 1.04 35.6447 -117.4455 4.360 1.0 0.000 0.000 0.000 596
2000 12 13 15 0 0.96 35.6786 -117.5068 4.860 1.0 0.000 0.000 0.000 597
2000 12 13 15 0 0.86 35.6652 -117.4625 1.250 1.0 0.000 0.000 0.000 598
2000 12 13 15 0 1.01 35.8941 -117.6957 5.110 1.0 0.000 0.000 0.000 599
2000 12 13 15 0 0.96 35.8922 -117.6813 8.020 1.0 0.000 0.000 0.000 600
2000 12 13 15 0 0.96 35.6771 -117.4913 3.050 1.0 0.000 0.000 0.000 601
2000 12 13 15 0 0.89 35.9592 -117.6806 4.200 1.0 0.000 0.000 0.000 602
2000 12 13 15 0 1.46 35.5750 -117.3398 3.290 1.0 0.000 0.000 0.000 603
2000 12 13 15 0 0.92 35.7574 -117.5578 4.050 1.0 0.000 0.000 0.000 604
2000 12 13 15 0 0.93 35.7217 -117.5332 4.910 1.0 0.000 0.000 0.000 605
2000 12 13 15 0 1.16 35.5770 -117.3414 5.940 1.0 0.000 0.000 0.000 606
2000 12 13 15 0 0.85 35.9621 -117.6945 4.610 1.0 0.000 0.000 0.000 607
2000 12 13 15 0 0.9 35.7229 -117.5387 3.930 1.0 0.000 0.000 0.000 608
2000 12 13 15 0 1.12 35.8359 -117.6369 5.030 1.0 0.000 0.000 0.000 609
2000 12 13 15 0 0.98 35.7185 -117.5227 5.920 1.0 0.000 0.000 0.000 610
2000 12 13 15 0 0.99 36.0446 -117.8580 2.480 1.0 0.000 0.000 0.000 611
2000 12 13 15 0 0.94 35.6679 -117.4760 5.250 1.0 0.000 0.000 0.000 612
2000 12 13 15 0 1.01 36.0559 -117.8458 3.700 1.0 0.000 0.000 0.000 613
2000 12 13 15 0 1.06 35.7154 -117.5579 7.840 1.0 0.000 0.000 0.000 614
2000 12 13 15 0 0.97 35.6061 -117.5707 3.780 1.0 0.000 0.000 0.000 615
2000 12 13 15 0 0.91 35.6970 -117.4949 5.050 1.0 0.000 0.000 0.000 616
2000 12 13 15 0 0.87 35.9607 -117.6890 5.010 1.0 0.000 0.000 0.000 617
2000 12 13 15 0 0.99 35.6558 -117.4458 4.990 1.0 0.000 0.000 0.000 618
2000 12 13 15 0 1.0 35.9032 -117.7159 6.960 1.0 0.000 0.000 0.000 619
2000 12 13 15 0 1.07 36.0359 -117.8416 3.480 1.0 0.000 0.000 0.000 620
2000 12 13 15 0 0.95 35.9191 -117.6839 5.240 1.0 0.000 0.000 0.000 621
2000 12 13 15 0 0.92 35.9503 -117.6867 4.410 1.0 0.000 0.000 0.000 622
2000 12 13 15 0 0.96 35.5701 -117.6004 4.190 1.0 0.000 0.000 0.000 623
2000 12 13 15 0 1.08 35.5754 -117.3425 5.380 1.0 0.000 0.000 0.000 624
2000 12 13 15 0 0.99 35.9229 -117.7080 6.780 1.0 0.000 0.000 0.000 625
2000 12 13 15 0 1.02 36.0372 -117.8377 3.510 1.0 0.000 0.000 0.000 626
2000 12 13 15 0 1.0 35.5745 -117.5982 5.050 1.0 0.000 0.000 0.000 627
2000 12 13 15 0 1.11 35.6946 -117.5240 6.650 1.0 0.000 0.000 0.000 628
2000 12 13 15 0 1.1 35.6899 -117.5183 7.560 1.0 0.000 0.000 0.000 629
2000 12 13 15 0 0.97 35.8978 -117.7069 8.030 1.0 0.000 0.000 0.000 630
2000 12 13 15 0 0.98 35.9348 -117.7117 4.950 1.0 0.000 0.000 0.000 631
2000 12 13 15 0 1.07 35.7001 -117.5088 7.570 1.0 0.000 0.000 0.000 632
2000 12 13 15 0 0.91 35.7083 -117.4959 4.980 1.0 0.000 0.000 0.000 633
2000 12 13 15 0 1.01 35.6297 -117.4351 7.270 1.0 0.000 0.000 0.000 634
2000 12 13 15 0 0.89 35.9267 -117.6876 5.720 1.0 0.000 0.000 0.000 635
2000 12 13 15 0 1.07 35.8303 -117.6351 5.400 1.0 0.000 0.000 0.000 636
2000 12 13 15 0 0.98 35.8893 -117.6840 7.280 1.0 0.000 0.000 0.000 637
2000 12 13 15 0 1.01 35.7118 -117.5531 7.850 1.0 0.000 0.000 0.000 638
2000 12 13 15 0 0.98 35.9275 -117.7096 6.870 1.0 0.000 0.000 0.000 639
2000 12 13 15 0 0.98 35.9058 -117.7162 5.710 1.0 0.000 0.000 0.000 640
2000 12 13 15 0 0.91 35.7171 -117.5153 3.820 1.0 0.000 0.000 0.000 641
2000 12 13 15 0 0.87 35.7553 -117.5430 3.980 1.0 0.000 0.000 0.000 642
2000 12 13 15 0 1.07 35.9242 -117.7250 5.280 1.0 0.000 0.000 0.000 643
2000 12 13 15 0 1.0 35.6039 -117.4250 5.600 1.0 0.000 0.000 0.000 644
2000 12 13 15 0 0.9 35.9351 -117.6729 4.710 1.0 0.000 0.000 0.000 645
2000 12 13 15 0 0.99 35.7236 -117.5516 5.740 1.0 0.000 0.000 0.000 646
2000 12 13 15 0 0.85 35.9774 -117.6627 3.740 1.0 0.000 0.000 0.000 647
2000 12 13 15 0 1.08 35.6069 -117.4225 5.090 1.0 0.000 0.000 0.000 648
2000 12 13 15 0 0.92 35.7481 -117.5444 3.900 1.0 0.000 0.000 0.000 649
2000 12 13 15 0 0.99 35.9037 -117.7232 6.160 1.0 0.000 0.000 0.000 650
2000 12 13 15 0 0.89 35.9693 -117.7054 4.790 1.0 0.000 0.000 0.000 651
2000 12 13 15 0 0.82 35.6791 -117.4611 3.020 1.0 0.000 0.000 0.000 652
2000 12 13 15 0 1.11 35.6652 -117.5117 6.850 1.0 0.000 0.000 0.000 653
2000 12 13 15 0 0.9 35.9621 -117.6959 5.150 1.0 0.000 0.000 0.000 654
2000 12 13 15 0 0.95 35.5762 -117.6217 4.450 1.0 0.000 0.000 0.000 655
2000 12 13 15 0 0.97 35.9017 -117.6848 5.590 1.0 0.000 0.000 0.000 656
2000 12 13 15 0 0.89 35.9486 -117.6892 4.730 1.0 0.000 0.000 0.000 657
2000 12 13 15 0 0.93 35.8999 -117.6765 7.920 1.0 0.000 0.000 0.000 658
2000 12 13 15 0 0.92 35.6854 -117.4666 4.640 1.0 0.000 0.000 0.000 659
2000 12 13 15 0 0.92 35.6738 -117.4703 3.530 1.0 0.000 0.000 0.000 660
2000 12 13 15 0 0.91 35.6793 -117.4768 2.930 1.0 0.000 0.000 0.000 661
2000 12 13 15 0 1.12 35.5811 -117.3633 6.110 1.0 0.000 0.000 0.000 662
2000 12 13 15 0 0.98 35.8941 -117.6714 5.440 1.0 0.000 0.000 0.000 663
2000 12 13 15 0 1.0 35.9087 -117.6768 5.500 1.0 0.000 0.000 0.000 664
2000 12 13 15 0 0.94 35.9370 -117.6808 4.920 1.0 0.000 0.000 0.000 665
2000 12 13 15 0 1.08 35.6730 -117.5273 6.870 1.0 0.000 0.000 0.000 666
2000 12 13 15 0 0.84 36.0445 -117.8640 2.690 1.0 0.000 0.000 0.000 667
2000 12 13 15 0 0.97 35.9126 -117.6715 5.480 1.0 0.000 0.000 0.000 668
2000 12 13 15 0 1.05 35.8857 -117.7005 5.560 1.0 0.000 0.000 0.000 669
2000 12 13 15 0 0.93 35.6435 -117.4473 2.940 1.0 0.000 0.000 0.000 670
2000 12 13 15 0 0.97 35.8774 -117.6742 9.050 1.0 0.000 0.000 0.000 671
2000 12 13 15 0 1.06 35.6938 -117.5198 7.440 1.0 0.000 0.000 0.000 672
2000 12 13 15 0 1.11 35.8322 -117.6367 5.490 1.0 0.000 0.000 0.000 673
2000 12 13 15 0 1.0 36.0566 -117.8433 3.050 1.0 0.000 0.000 0.000 674
2000 12 13 15 0 1.12 35.6581 -117.5160 7.820 1.0 0.000 0.000 0.000 675
2000 12 13 15 0 0.99 36.0609 -117.8315 3.190 1.0 0.000 0.000 0.000 676
2000 12 13 15 0 1.04 35.6815 -117.5366 6.520 1.0 0.000 0.000 0.000 677
2000 12 13 15 0 1.02 35.6367 -117.4322 6.150 1.0 0.000 0.000 0.000 678
2000 12 13 15 0 0.95 35.9245 -117.7025 6.420 1.0 0.000 0.000 0.000 679
2000 12 13 15 0 0.97 35.7574 -117.5620 5.620 1.0 0.000 0.000 0.000 680
2000 12 13 15 0 1.0 35.6090 -117.4275 5.670 1.0 0.000 0.000 0.000 681
2000 12 13 15 0 0.98 35.7729 -117.5503 6.250 1.0 0.000 0.000 0.000 682
2000 12 13 15 0 0.93 35.9121 -117.6971 7.400 1.0 0.000 0.000 0.000 683
2000 12 13 15 0 0.96 35.6936 -117.5019 5.060 1.0 0.000 0.000 0.000 684
2000 12 13 15 0 1.03 35.6283 -117.4552 4.940 1.0 0.000 0.000 0.000 685
2000 12 13 15 0 1.04 35.6359 -117.4326 4.400 1.0 0.000 0.000 0.000 686
2000 12 13 15 0 0.94 35.7154 -117.5517 4.900 1.0 0.000 0.000 0.000 687
2000 12 13 15 0 1.07 35.5933 -117.4169 5.540 1.0 0.000 0.000 0.000 688
2000 12 13 15 0 1.0 35.5749 -117.6126 5.040 1.0 0.000 0.000 0.000 689
2000 12 13 15 0 1.0 35.6566 -117.4480 3.330 1.0 0.000 0.000 0.000 690
2000 12 13 15 0 0.98 35.9031 -117.6729 8.020 1.0 0.000 0.000 0.000 691
2000 12 13 15 0 0.99 35.7102 -117.5107 6.130 1.0 0.000 0.000 0.000 692
2000 12 13 15 0 1.0 35.6978 -117.4963 6.650 1.0 0.000 0.000 0.000 693
2000 12 13 15 0 0.95 36.0674 -117.8223 2.470 1.0 0.000 0.000 0.000 694
2000 12 13 15 0 0.86 35.9679 -117.6592 4.880 1.0 0.000 0.000 0.000 695
2000 12 13 15 0 1.03 35.6715 -117.5188 8.410 1.0 0.000 0.000 0.000 696
2000 12 13 15 0 0.99 36.0579 -117.8338 3.170 1.0 0.000 0.000 0.000 697
2000 12 13 15 0 1.03 35.6859 -117.5095 7.850 1.0 0.000 0.000 0.000 698
2000 12 13 15 0 1.1 35.6151 -117.5767 6.090 1.0 0.000 0.000 0.000 699
2000 12 13 15 0 0.95 35.6034 -117.3993 8.440 1.0 0.000 0.000 0.000 700
2000 12 13 15 0 0.88 35.6770 -117.4765 0.700 1.0 0.000 0.000 0.000 701
2000 12 13 15 0 0.93 35.7433 -117.5540 4.170 1.0 0.000 0.000 0.000 702
2000 12 13 15 0 1.07 35.6085 -117.4209 4.620 1.0 0.000 0.000 0.000 703
2000 12 13 15 0 0.89 35.7582 -117.5609 3.890 1.0 0.000 0.000 0.000 704
2000 12 13 15 0 0.95 35.9012 -117.6791 8.350 1.0 0.000 0.000 0.000 705
2000 12 13 15 0 1.04 35.6100 -117.4304 5.910 1.0 0.000 0.000 0.000 706
2000 12 13 15 0 0.87 35.6949 -117.4986 0.870 1.0 0.000 0.000 0.000 707
2000 12 13 15 0 0.99 35.6286 -117.4340 5.210 1.0 0.000 0.000 0.000 708
2000 12 13 15 0 0.97 36.0250 -117.8424 3.390 1.0 0.000 0.000 0.000 709
2000 12 13 15 0 0.92 35.6740 -117.4715 3.310 1.0 0.000 0.000 0.000 710
2000 12 13 15 0 0.94 35.6791 -117.4759 4.620 1.0 0.000 0.000 0.000 711
2000 12 13 15 0 1.07 35.6147 -117.4603 4.720 1.0 0.000 0.000 0.000 712
2000 12 13 15 0 0.94 35.9071 -117.6949 6.580 1.0 0.000 0.000 0.000 713
2000 12 13 15 0 1.05 35.5828 -117.3389 4.350 1.0 0.000 0.000 0.000 714
2000 12 13 15 0 1.03 35.9161 -117.7303 5.430 1.0 0.000 0.000 0.000 715
2000 12 13 15 0 0.97 35.6596 -117.4957 4.760 1.0 0.000 0.000 0.000 716
2000 12 13 15 0 1.12 35.6583 -117.5179 8.330 1.0 0.000 0.000 0.000 717
2000 12 13 15 0 0.99 35.8915 -117.6732 8.100 1.0 0.000 0.000 0.000 718
2000 12 13 15 0 0.93 35.7438 -117.5461 4.080 1.0 0.000 0.000 0.000 719
2000 12 13 15 0 1.06 35.6097 -117.4303 5.860 1.0 0.000 0.000 0.000 720
2000 12 13 15 0 0.97 35.9358 -117.7090 5.140 1.0 0.000 0.000 0.000 721
2000 12 13 15 0 0.92 36.0617 -117.8428 3.780 1.0 0.000 0.000 0.000 722
2000 12 13 15 0 1.0 35.9002 -117.6814 5.490 1.0 0.000 0.000 0.000 723
2000 12 13 15 0 1.02 35.6968 -117.5105 7.100 1.0 0.000 0.000 0.000 724
2000 12 13 15 0 0.99 35.9262 -117.7156 5.280 1.0 0.000 0.000 0.000 725
2000 12 13 15 0 1.11 35.6230 -117.4557 4.660 1.0 0.000 0.000 0.000 726
2000 12 13 15 0 1.05 35.6353 -117.4283 3.230 1.0 0.000 0.000 0.000 727
2000 12 13 15 0 1.13 35.8313 -117.6382 5.270 1.0 0.000 0.000 0.000 728
2000 12 13 15 0 0.9 35.6725 -117.4771 1.470 1.0 0.000 0.000 0.000 729
2000 12 13 15 0 0.96 35.9319 -117.7152 5.200 1.0 0.000 0.000 0.000 730
2000 12 13 15 0 0.94 35.9091 -117.6771 5.560 1.0 0.000 0.000 0.000 731
2000 12 13 15 0 0.94 35.9186 -117.6713 4.650 1.0 0.000 0.000 0.000 732
2000 12 13 15 0 0.77 35.6810 -117.4747 1.580 1.0 0.000 0.000 0.000 733
2000 12 13 15 0 0.96 35.6744 -117.4856 1.240 1.0 0.000 0.000 0.000 734
2000 12 13 15 0 0.93 35.9919 -117.6731 4.020 1.0 0.000 0.000 0.000 735
2000 12 13 15 0 0.86 35.9211 -117.6743 5.120 1.0 0.000 0.000 0.000 736
2000 12 13 15 0 0.95 35.8793 -117.6770 8.610 1.0 0.000 0.000 0.000 737
2000 12 13 15 0 1.12 35.8956 -117.6768 4.780 1.0 0.000 0.000 0.000 738
2000 12 13 15 0 0.94 35.9448 -117.7008 5.220 1.0 0.000 0.000 0.000 739
2000 12 13 15 0 0.96 35.8914 -117.7263 8.730 1.0 0.000 0.000 0.000 740
2000 12 13 15 0 1.01 35.6815 -117.4681 6.260 1.0 0.000 0.000 0.000 741
2000 12 13 15 0 0.97 35.9215 -117.7326 6.670 1.0 0.000 0.000 0.000 742
2000 12 13 15 0 1.15 36.0505 -117.8630 2.350 1.0 0.000 0.000 0.000 743
2000 12 13 15 0 0.97 35.6747 -117.4696 2.950 1.0 0.000 0.000 0.000 744
2000 12 13 15 0 0.99 35.6422 -117.4390 3.890 1.0 0.000 0.000 0.000 745
2000 12 13 15 0 0.94 35.9233 -117.6838 5.140 1.0 0.000 0.000 0.000 746
2000 12 13 15 0 1.04 35.6418 -117.4283 4.230 1.0 0.000 0.000 0.000 747
2000 12 13 15 0 1.09 35.8786 -117.6931 5.530 1.0 0.000 0.000 0.000 748
2000 12 13 15 0 0.92 36.0315 -117.8577 2.870 1.0 0.000 0.000 0.000 749
2000 12 13 15 0 0.96 35.8908 -117.6801 8.100 1.0 0.000 0.000 0.000 750
2000 12 13 15 0 1.03 35.6336 -117.4282 4.210 1.0 0.000 0.000 0.000 751
2000 12 13 15 0 1.06 35.6347 -117.4338 3.470 1.0 0.000 0.000 0.000 752
2000 12 13 15 0 0.95 35.6518 -117.4828 4.310 1.0 0.000 0.000 0.000 753
2000 12 13 15 0 0.88 35.9451 -117.6942 4.970 1.0 0.000 0.000 0.000 754
2000 12 13 15 0 1.05 35.6298 -117.4375 6.710 1.0 0.000 0.000 0.000 755
2000 12 13 15 0 1.03 35.9261 -117.7129 4.550 1.0 0.000 0.000 0.000 756
2000 12 13 15 0 1.03 35.8930 -117.7040 5.240 1.0 0.000 0.000 0.000 757
2000 12 13 15 0 0.9 35.6834 -117.5002 3.510 1.0 0.000 0.000 0.000 758
2000 12 13 15 0 1.01 35.5630 -117.3081 5.250 1.0 0.000 0.000 0.000 759
2000 12 13 15 0 0.93 35.9606 -117.6955 5.300 1.0 0.000 0.000 0.000 760
2000 12 13 15 0 1.03 35.8896 -117.7008 5.760 1.0 0.000 0.000 0.000 761
2000 12 13 15 0 0.88 35.9416 -117.6829 4.880 1.0 0.000 0.000 0.000 762
2000 12 13 15 0 0.97 35.7339 -117.5282 5.870 1.0 0.000 0.000 0.000 763
2000 12 13 15 0 0.94 35.8972 -117.6955 6.920 1.0 0.000 0.000 0.000 764
2000 12 13 15 0 0.92 35.9158 -117.6948 5.240 1.0 0.000 0.000 0.000 765
2000 12 13 15 0 0.92 35.9525 -117.6882 4.540 1.0 0.000 0.000 0.000 766
2000 12 13 15 0 0.89 35.9726 -117.6603 4.260 1.0 0.000 0.000 0.000 767
2000 12 13 15 0 1.05 35.6654 -117.5220 6.160 1.0 0.000 0.000 0.000 768
2000 12 13 15 0 1.08 35.7106 -117.5592 7.640 1.0 0.000 0.000 0.000 769
2000 12 13 15 0 0.89 36.0451 -117.8661 3.060 1.0 0.000 0.000 0.000 770
2000 12 13 15 0 1.01 35.6274 -117.4424 5.270 1.0 0.000 0.000 0.000 771
2000 12 13 15 0 0.93 35.8942 -117.6793 7.900 1.0 0.000 0.000 0.000 772
2000 12 13 15 0 0.9 35.9452 -117.6660 4.830 1.0 0.000 0.000 0.000 773
2000 12 13 15 0 0.95 35.9338 -117.6850 4.860 1.0 0.000 0.000 0.000 774
2000 12 13 15 0 1.03 35.6342 -117.4274 5.420 1.0 0.000 0.000 0.000 775
2000 12 13 15 0 0.94 35.9136 -117.7442 6.990 1.0 0.000 0.000 0.000 776
2000 12 13 15 0 0.95 35.8754 -117.6776 8.670 1.0 0.000 0.000 0.000 777
2000 12 13 15 0 1.04 35.6431 -117.4392 6.390 1.0 0.000 0.000 0.000 778
2000 12 13 15 0 0.89 35.9811 -117.6594 4.460 1.0 0.000 0.000 0.000 779
2000 12 13 15 0 0.9 35.9220 -117.6845 5.330 1.0 0.000 0.000 0.000 780
2000 12 13 15 0 0.9 35.9597 -117.6912 4.970 1.0 0.000 0.000 0.000 781
2000 12 13 15 0 0.96 35.9091 -117.7000 9.530 1.0 0.000 0.000 0.000 782
2000 12 13 15 0 0.91 35.9447 -117.6940 4.720 1.0 0.000 0.000 0.000 783
2000 12 13 15 0 0.95 35.9142 -117.6894 5.700 1.0 0.000 0.000 0.000 784
2000 12 13 15 0 0.92 35.5955 -117.5903 3.480 1.0 0.000 0.000 0.000 785
2000 12 13 15 0 1.13 35.6646 -117.5335 7.600 1.0 0.000 0.000 0.000 786
2000 12 13 15 0 0.97 35.9005 -117.6700 5.340 1.0 0.000 0.000 0.000 787
2000 12 13 15 0 1.02 35.6067 -117.5718 3.310 1.0 0.000 0.000 0.000 788
2000 12 13 15 0 0.91 35.9549 -117.6851 4.540 1.0 0.000 0.000 0.000 789
2000 12 13 15 0 1.04 35.8767 -117.6913 6.400 1.0 0.000 0.000 0.000 790
2000 12 13 15 0 0.96 35.9052 -117.6966 6.610 1.0 0.000 0.000 0.000 791
2000 12 13 15 0 0.94 35.6857 -117.4666 5.750 1.0 0.000 0.000 0.000 792
2000 12 13 15 0 0.96 35.6852 -117.4638 5.040 1.0 0.000 0.000 0.000 793
2000 12 13 15 0 0.99 36.0653 -117.8443 3.140 1.0 0.000 0.000 0.000 794
2000 12 13 15 0 0.9 36.0517 -117.8495 3.440 1.0 0.000 0.000 0.000 795
2000 12 13 15 0 0.92 36.0546 -117.8501 3.160 1.0 0.000 0.000 0.000 796
2000 12 13 15 0 1.08 35.7011 -117.5845 6.360 1.0 0.000 0.000 0.000 797
2000 12 13 15 0 0.97 35.7791 -117.5500 5.510 1.0 0.000 0.000 0.000 798
2000 12 13 15 0 1.04 35.6211 -117.4503 3.450 1.0 0.000 0.000 0.000 799
2000 12 13 15 0 0.93 36.0693 -117.8476 2.780 1.0 0.000 0.000 0.000 800
2000 12 13 15 0 0.9 35.9440 -117.6850 4.950 1.0 0.000 0.000 0.000 801
2000 12 13 15 0 0.94 35.9292 -117.6810 5.830 1.0 0.000 0.000 0.000 802
2000 12 13 15 0 0.97 35.8717 -117.6813 9.560 1.0 0.000 0.000 0.000 803
2000 12 13 15 0 0.97 35.8985 -117.7234 7.400 1.0 0.000 0.000 0.000 804
2000 12 13 15 0 1.04 35.8850 -117.7017 5.770 1.0 0.000 0.000 0.000 805
2000 12 13 15 0 0.91 35.7138 -117.5014 4.110 1.0 0.000 0.000 0.000 806
2000 12 13 15 0 0.77 36.0463 -117.8264 0.580 1.0 0.000 0.000 0.000 807
2000 12 13 15 0 0.85 35.9731 -117.6578 3.720 1.0 0.000 0.000 0.000 808
2000 12 13 15 0 1.06 35.6331 -117.4300 3.860 1.0 0.000 0.000 0.000 809
2000 12 13 15 0 1.07 35.7014 -117.5218 6.720 1.0 0.000 0.000 0.000 810
2000 12 13 15 0 1.0 35.9137 -117.7258 5.330 1.0 0.000 0.000 0.000 811
2000 12 13 15 0 1.0 35.9288 -117.7188 4.860 1.0 0.000 0.000 0.000 812
2000 12 13 15 0 1.01 35.6283 -117.4442 5.460 1.0 0.000 0.000 0.000 813
2000 12 13 15 0 1.07 35.6022 -117.3982 6.150 1.0 0.000 0.000 0.000 814
2000 12 13 15 0 0.95 35.9461 -117.6877 5.280 1.0 0.000 0.000 0.000 815
2000 12 13 15 0 1.03 35.6076 -117.4683 3.950 1.0 0.000 0.000 0.000 816
2000 12 13 15 0 1.0 35.9068 -117.7202 5.680 1.0 0.000 0.000 0.000 817
2000 12 13 15 0 0.94 35.7266 -117.5421 4.310 1.0 0.000 0.000 0.000 818
2000 12 13 15 0 1.03 35.6920 -117.5206 6.230 1.0 0.000 0.000 0.000 819
2000 12 13 15 0 0.97 35.8748 -117.6956 9.890 1.0 0.000 0.000 0.000 820
2000 12 13 15 0 0.92 35.6504 -117.4521 5.050 1.0 0.000 0.000 0.000 821
2000 12 13 15 0 1.0 35.7082 -117.4921 5.690 1.0 0.000 0.000 0.000 822
2000 12 13 15 0 1.09 35.6914 -117.4906 7.290 1.0 0.000 0.000 0.000 823
2000 12 13 15 0 0.93 35.9257 -117.6840 5.010 1.0 0.000 0.000 0.000 824
2000 12 13 15 0 1.17 35.5764 -117.3463 4.950 1.0 0.000 0.000 0.000 825
2000 12 13 15 0 0.86 35.9726 -117.6523 4.090 1.0 0.000 0.000 0.000 826
2000 12 13 15 0 1.07 35.6134 -117.3949 7.250 1.0 0.000 0.000 0.000 827
2000 12 13 15 0 0.94 35.9210 -117.6886 5.190 1.0 0.000 0.000 0.000 828
2000 12 13 15 0 0.92 35.5995 -117.3868 7.560 1.0 0.000 0.000 0.000 829
2000 12 13 15 0 1.06 35.6971 -117.5219 7.910 1.0 0.000 0.000 0.000 830
2000 12 13 15 0 0.99 35.6672 -117.4686 4.130 1.0 0.000 0.000 0.000 831
2000 12 13 15 0 0.89 35.6810 -117.4786 3.030 1.0 0.000 0.000 0.000 832
2000 12 13 15 0 0.91 35.9416 -117.6983 5.070 1.0 0.000 0.000 0.000 833
2000 12 13 15 0 1.05 35.6294 -117.4425 5.200 1.0 0.000 0.000 0.000 834
2000 12 13 15 0 0.95 35.6813 -117.4869 0.650 1.0 0.000 0.000 0.000 835
2000 12 13 15 0 0.96 35.6856 -117.4774 5.340 1.0 0.000 0.000 0.000 836
2000 12 13 15 0 1.04 35.6063 -117.4283 8.070 1.0 0.000 0.000 0.000 837
2000 12 13 15 0 0.9 35.7188 -117.5121 3.590 1.0 0.000 0.000 0.000 838
2000 12 13 15 0 0.88 35.6857 -117.4783 2.280 1.0 0.000 0.000 0.000 839
2000 12 13 15 0 1.04 35.7439 -117.5481 6.630 1.0 0.000 0.000 0.000 840
2000 12 13 15 0 1.01 35.8914 -117.7058 5.430 1.0 0.000 0.000 0.000 841
2000 12 13 15 0 0.97 36.0616 -117.8456 3.690 1.0 0.000 0.000 0.000 842
2000 12 13 15 0 1.06 35.9936 -117.6736 4.750 1.0 0.000 0.000 0.000 843
2000 12 13 15 0 0.95 35.9149 -117.6867 5.680 1.0 0.000 0.000 0.000 844
2000 12 13 15 0 0.96 35.6733 -117.4695 4.030 1.0 0.000 0.000 0.000 845
2000 12 13 15 0 0.94 35.6855 -117.4896 1.130 1.0 0.000 0.000 0.000 846
2000 12 13 15 0 1.04 35.6110 -117.4664 3.730 1.0 0.000 0.000 0.000 847
2000 12 13 15 0 0.94 35.8619 -117.6777 9.300 1.0 0.000 0.000 0.000 848
2000 12 13 15 0 1.15 35.5760 -117.3463 5.060 1.0 0.000 0.000 0.000 849
2000 12 13 15 0 0.9 35.9172 -117.6807 4.660 1.0 0.000 0.000 0.000 850
2000 12 13 15 0 1.05 35.7082 -117.5461 7.610 1.0 0.000 0.000 0.000 851
2000 12 13 15 0 1.04 35.6054 -117.3972 7.340 1.0 0.000 0.000 0.000 852
2000 12 13 15 0 1.01 36.0264 -117.8419 3.310 1.0 0.000 0.000 0.000 853
2000 12 13 15 0 1.0 36.0699 -117.8435 3.120 1.0 0.000 0.000 0.000 854
2000 12 13 15 0 0.96 35.9071 -117.6738 5.280 1.0 0.000 0.000 0.000 855
2000 12 13 15 0 1.0 35.7559 -117.5651 5.840 1.0 0.000 0.000 0.000 856
2000 12 13 15 0 0.97 35.6770 -117.4974 4.740 1.0 0.000 0.000 0.000 857
2000 12 13 15 0 0.91 35.9357 -117.7013 4.990 1.0 0.000 0.000 0.000 858
2000 12 13 15 0 1.01 36.0623 -117.8430 3.100 1.0 0.000 0.000 0.000 859
2000 12 13 15 0 1.09 35.6729 -117.5104 7.400 1.0 0.000 0.000 0.000 860
2000 12 13 15 0 1.08 35.6881 -117.5094 6.670 1.0 0.000 0.000 0.000 861
2000 12 13 15 0 0.94 35.9285 -117.6890 5.090 1.0 0.000 0.000 0.000 862
2000 12 13 15 0 1.1 35.6654 -117.5291 6.400 1.0 0.000 0.000 0.000 863
2000 12 13 15 0 1.04 35.6714 -117.4668 7.100 1.0 0.000 0.000 0.000 864
2000 12 13 15 0 0.94 35.6724 -117.4813 5.050 1.0 0.000 0.000 0.000 865
2000 12 13 15 0 0.89 35.9022 -117.7111 10.770 1.0 0.000 0.000 0.000 866
2000 12 13 15 0 0.87 35.9776 -117.6672 3.520 1.0 0.000 0.000 0.000 867
2000 12 13 15 0 0.94 35.6878 -117.4809 5.540 1.0 0.000 0.000 0.000 868
2000 12 13 15 0 0.91 35.5760 -117.3299 4.770 1.0 0.000 0.000 0.000 869
2000 12 13 15 0 0.95 35.9178 -117.6906 5.300 1.0 0.000 0.000 0.000 870
2000 12 13 15 0 0.94 35.6779 -117.4759 4.240 1.0 0.000 0.000 0.000 871
2000 12 13 15 0 0.9 36.0578 -117.8472 2.900 1.0 0.000 0.000 0.000 872
2000 12 13 15 0 0.95 35.6653 -117.5016 5.250 1.0 0.000 0.000 0.000 873
2000 12 13 15 0 0.96 35.9112 -117.6723 5.040 1.0 0.000 0.000 0.000 874
2000 12 13 15 0 0.94 35.9165 -117.6995 5.600 1.0 0.000 0.000 0.000 875
2000 12 13 15 0 1.01 35.9210 -117.6722 3.690 1.0 0.000 0.000 0.000 876
2000 12 13 15 0 1.01 35.6433 -117.4385 6.700 1.0 0.000 0.000 0.000 877
2000 12 13 15 0 0.9 35.6739 -117.4802 0.190 1.0 0.000 0.000 0.000 878
2000 12 13 15 0 0.92 35.5651 -117.3075 3.830 1.0 0.000 0.000 0.000 879
2000 12 13 15 0 1.02 35.5689 -117.6164 9.270 1.0 0.000 0.000 0.000 880
2000 12 13 15 0 0.99 35.9084 -117.7003 6.920 1.0 0.000 0.000 0.000 881
2000 12 13 15 0 1.04 35.7126 -117.5322 6.570 1.0 0.000 0.000 0.000 882
2000 12 13 15 0 0.96 35.9099 -117.6714 5.280 1.0 0.000 0.000 0.000 883
2000 12 13 15 0 1.04 35.6278 -117.4348 6.980 1.0 0.000 0.000 0.000 884
2000 12 13 15 0 1.03 35.8807 -117.6964 6.120 1.0 0.000 0.000 0.000 885
2000 12 13 15 0 0.95 35.7477 -117.5294 5.520 1.0 0.000 0.000 0.000 886
2000 12 13 15 0 0.92 35.9472 -117.6920 4.910 1.0 0.000 0.000 0.000 887
2000 12 13 15 0 0.91 35.9439 -117.6958 5.040 1.0 0.000 0.000 0.000 888
2000 12 13 15 0 1.1 35.6849 -117.5375 5.700 1.0 0.000 0.000 0.000 889
2000 12 13 15 0 0.93 36.0475 -117.8633 2.880 1.0 0.000 0.000 0.000 890
2000 12 13 15 0 0.92 35.7176 -117.4954 5.150 1.0 0.000 0.000 0.000 891
2000 12 13 15 0 1.02 35.7266 -117.5496 6.480 1.0 0.000 0.000 0.000 892
2000 12 13 15 0 1.03 35.7647 -117.5624 6.790 1.0 0.000 0.000 0.000 893
2000 12 13 15 0 0.93 35.9379 -117.7118 6.590 1.0 0.000 0.000 0.000 894
2000 12 13 15 0 0.92 35.9760 -117.6536 3.870 1.0 0.000 0.000 0.000 895
2000 12 13 15 0 1.04 35.6874 -117.5272 6.400 1.0 0.000 0.000 0.000 896
2000 12 13 15 0 1.05 35.7318 -117.5518 7.560 1.0 0.000 0.000 0.000 897
2000 12 13 15 0 0.85 35.7282 -117.5210 4.430 1.0 0.000 0.000 0.000 898
2000 12 13 15 0 0.99 35.5649 -117.3086 4.840 1.0 0.000 0.000 0.000 899
2000 12 13 15 0 0.98 35.9025 -117.6973 6.520 1.0 0.000 0.000 0.000 900
2000 12 13 15 0 0.96 35.9332 -117.7055 5.210 1.0 0.000 0.000 0.000 901
2000 12 13 15 0 1.01 35.9169 -117.7172 6.110 1.0 0.000 0.000 0.000 902
2000 12 13 15 0 0.91 35.9250 -117.6899 5.130 1.0 0.000 0.000 0.000 903
2000 12 13 15 0 0.93 35.5931 -117.5845 3.270 1.0 0.000 0.000 0.000 904
2000 12 13 15 0 0.95 35.9164 -117.6902 5.790 1.0 0.000 0.000 0.000 905
2000 12 13 15 0 0.98 35.8872 -117.6906 7.940 1.0 0.000 0.000 0.000 906
2000 12 13 15 0 1.12 35.6076 -117.3961 6.680 1.0 0.000 0.000 0.000 907
2000 12 13 15 0 0.97 35.9184 -117.7109 7.480 1.0 0.000 0.000 0.000 908
2000 12 13 15 0 0.95 35.6782 -117.4763 4.620 1.0 0.000 0.000 0.000 909
2000 12 13 15 0 1.05 35.6337 -117.4407 6.040 1.0 0.000 0.000 0.000 910
2000 12 13 15 0 0.95 36.0634 -117.8203 2.470 1.0 0.000 0.000 0.000 911
2000 12 13 15 0 1.04 35.6171 -117.4100 5.470 1.0 0.000 0.000 0.000 912
2000 12 13 15 0 0.98 36.0532 -117.8536 3.720 1.0 0.000 0.000 0.000 913
2000 12 13 15 0 0.94 35.8986 -117.6768 5.510 1.0 0.000 0.000 0.000 914
2000 12 13 15 0 0.9 35.8877 -117.6825 8.900 1.0 0.000 0.000 0.000 915
2000 12 13 15 0 0.94 35.6903 -117.4755 5.260 1.0 0.000 0.000 0.000 916
2000 12 13 15 0 0.99 35.9031 -117.6941 6.890 1.0 0.000 0.000 0.000 917
2000 12 13 15 0 1.0 35.9211 -117.7259 5.700 1.0 0.000 0.000 0.000 918
2000 12 13 15 0 0.92 35.9377 -117.6849 5.660 1.0 0.000 0.000 0.000 919
2000 12 13 15 0 0.91 35.7566 -117.5518 3.950 1.0 0.000 0.000 0.000 920
2000 12 13 15 0 1.03 36.0322 -117.8451 3.250 1.0 0.000 0.000 0.000 921
2000 12 13 15 0 0.94 35.5772 -117.6178 3.760 1.0 0.000 0.000 0.000 922
2000 12 13 15 0 1.14 36.0627 -117.8385 3.770 1.0 0.000 0.000 0.000 923
2000 12 13 15 0 1.0 35.9100 -117.7257 6.890 1.0 0.000 0.000 0.000 924
2000 12 13 15 0 1.0 35.9295 -117.7180 4.950 1.0 0.000 0.000 0.000 925
2000 12 13 15 0 0.97 35.8970 -117.6594 8.110 1.0 0.000 0.000 0.000 926
2000 12 13 15 0 0.9 35.9321 -117.6889 5.010 1.0 0.000 0.000 0.000 927
2000 12 13 15 0 0.92 35.7431 -117.5464 3.620 1.0 0.000 0.000 0.000 928
2000 12 13 15 0 0.98 35.9042 -117.7073 8.580 1.0 0.000 0.000 0.000 929
2000 12 13 15 0 0.94 35.7535 -117.5615 5.640 1.0 0.000 0.000 0.000 930
2000 12 13 15 0 1.01 36.0417 -117.8599 3.410 1.0 0.000 0.000 0.000 931
2000 12 13 15 0 0.93 35.6897 -117.4890 3.790 1.0 0.000 0.000 0.000 932
2000 12 13 15 0 1.03 35.9197 -117.7237 5.260 1.0 0.000 0.000 0.000 933
2000 12 13 15 0 0.9 35.9673 -117.6920 4.730 1.0 0.000 0.000 0.000 934
2000 12 13 15 0 1.03 35.6483 -117.4467 1.710 1.0 0.000 0.000 0.000 935
2000 12 13 15 0 1.06 35.6603 -117.5109 8.890 1.0 0.000 0.000 0.000 936
2000 12 13 15 0 0.86 36.0497 -117.8573 3.150 1.0 0.000 0.000 0.000 937
2000 12 13 15 0 0.86 35.9755 -117.6544 4.100 1.0 0.000 0.000 0.000 938
2000 12 13 15 0 0.96 35.7174 -117.5578 5.630 1.0 0.000 0.000 0.000 939
2000 12 13 15 0 1.06 35.5782 -117.3544 5.820 1.0 0.000 0.000 0.000 940
2000 12 13 15 0 1.03 35.8884 -117.7036 5.290 1.0 0.000 0.000 0.000 941
2000 12 13 15 0 0.96 35.8976 -117.6687 8.100 1.0 0.000 0.000 0.000 942
2000 12 13 15 0 0.96 35.8919 -117.6918 6.120 1.0 0.000 0.000 0.000 943
2000 12 13 15 0 0.87 35.7541 -117.5419 4.590 1.0 0.000 0.000 0.000 944
2000 12 13 15 0 0.92 35.7243 -117.5338 4.420 1.0 0.000 0.000 0.000 945
2000 12 13 15 0 1.0 35.6868 -117.5014 6.130 1.0 0.000 0.000 0.000 946
2000 12 13 15 0 0.92 35.6835 -117.4692 4.810 1.0 0.000 0.000 0.000 947
2000 12 13 15 0 0.96 36.0608 -117.8480 3.660 1.0 0.000 0.000 0.000 948
2000 12 13 15 0 0.94 35.8710 -117.6631 9.530 1.0 0.000 0.000 0.000 949
2000 12 13 15 0 1.02 35.8911 -117.6837 5.720 1.0 0.000 0.000 0.000 950
2000 12 13 15 0 1.09 35.6090 -117.3972 7.030 1.0 0.000 0.000 0.000 951
2000 12 13 15 0 0.94 35.9163 -117.6899 5.340 1.0 0.000 0.000 0.000 952
2000 12 13 15 0 1.07 35.5740 -117.5927 4.570 1.0 0.000 0.000 0.000 953
2000 12 13 15 0 1.0 35.6492 -117.4966 5.350 1.0 0.000 0.000 0.000 954
2000 12 13 15 0 0.94 35.6802 -117.4987 4.810 1.0 0.000 0.000 0.000 955
2000 12 13 15 0 0.98 35.8921 -117.6667 7.890 1.0 0.000 0.000 0.000 956
2000 12 13 15 0 0.95 35.9334 -117.7105 5.120 1.0 0.000 0.000 0.000 957
2000 12 13 15 0 0.92 35.9326 -117.7018 5.230 1.0 0.000 0.000 0.000 958
2000 12 13 15 0 0.91 35.7501 -117.5578 4.290 1.0 0.000 0.000 0.000 959
2000 12 13 15 0 0.94 35.7396 -117.5590 3.740 1.0 0.000 0.000 0.000 960
2000 12 13 15 0 0.94 35.5992 -117.5788 3.330 1.0 0.000 0.000 0.000 961
2000 12 13 15 0 0.97 35.9260 -117.7046 7.200 1.0 0.000 0.000 0.000 962
2000 12 13 15 0 0.92 35.5803 -117.3293 4.300 1.0 0.000 0.000 0.000 963
2000 12 13 15 0 1.0 35.7670 -117.5569 6.270 1.0 0.000 0.000 0.000 964
2000 12 13 15 0 1.08 35.6762 -117.5123 7.510 1.0 0.000 0.000 0.000 965
2000 12 13 15 0 1.03 35.6103 -117.4273 5.470 1.0 0.000 0.000 0.000 966
2000 12 13 15 0 0.9 35.9484 -117.6897 4.890 1.0 0.000 0.000 0.000 967
2000 12 13 15 0 0.9 35.7187 -117.5374 4.270 1.0 0.000 0.000 0.000 968
2000 12 13 15 0 0.96 35.6780 -117.4798 4.120 1.0 0.000 0.000 0.000 969
2000 12 13 15 0 1.1 35.6708 -117.5104 7.870 1.0 0.000 0.000 0.000 970
2000 12 13 15 0 0.97 35.6620 -117.4619 4.560 1.0 0.000 0.000 0.000 971
2000 12 13 15 0 0.85 35.6761 -117.4774 1.470 1.0 0.000 0.000 0.000 972
2000 12 13 15 0 0.94 35.9218 -117.6840 5.310 1.0 0.000 0.000 0.000 973
2000 12 13 15 0 0.99 35.6000 -117.5960 4.870 1.0 0.000 0.000 0.000 974
2000 12 13 15 0 0.87 35.7380 -117.5243 5.140 1.0 0.000 0.000 0.000 975
2000 12 13 15 0 1.02 35.6868 -117.5242 6.040 1.0 0.000 0.000 0.000 976
2000 12 13 15 0 1.09 35.7069 -117.5121 7.880 1.0 0.000 0.000 0.000 977
2000 12 13 15 0 0.95 35.6671 -117.4782 5.140 1.0 0.000 0.000 0.000 978
2000 12 13 15 0 0.89 35.5982 -117.5894 3.480 1.0 0.000 0.000 0.000 979
2000 12 13 15 0 0.98 35.9266 -117.7222 5.260 1.0 0.000 0.000 0.000 980
2000 12 13 15 0 0.96 35.6493 -117.4508 3.470 1.0 0.000 0.000 0.000 981
2000 12 13 15 0 0.93 35.9451 -117.6887 5.390 1.0 0.000 0.000 0.000 982
2000 12 13 15 0 1.0 35.6889 -117.5176 7.410 1.0 0.000 0.000 0.000 983
2000 12 13 15 0 0.97 35.8991 -117.7156 7.370 1.0 0.000 0.000 0.000 984
2000 12 13 15 0 0.96 35.6797 -117.4757 4.930 1.0 0.000 0.000 0.000 985
2000 12 13 15 0 0.95 35.9312 -117.6790 5.690 1.0 0.000 0.000 0.000 986
2000 12 13 15 0 1.12 35.6574 -117.5146 8.360 1.0 0.000 0.000 0.000 987
2000 12 13 15 0 1.0 35.6521 -117.4637 2.270 1.0 0.000 0.000 0.000 988
2000 12 13 15 0 0.99 36.0723 -117.8493 3.310 1.0 0.000 0.000 0.000 989
2000 12 13 15 0 0.93 35.8757 -117.6814 9.930 1.0 0.000 0.000 0.000 990
2000 12 13 15 0 1.01 35.7569 -117.5660 6.300 1.0 0.000 0.000 0.000 991
2000 12 13 15 0 1.12 35.8258 -117.6356 5.640 1.0 0.000 0.000 0.000 992
2000 12 13 15 0 0.93 35.9309 -117.6907 5.050 1.0 0.000 0.000 0.000 993
2000 12 13 15 0 0.93 35.6768 -117.4674 4.020 1.0 0.000 0.000 0.000 994
2000 12 13 15 0 1.05 35.8766 -117.6941 6.450 1.0 0.000 0.000 0.000 995
2000 12 13 15 0 0.91 35.9591 -117.6883 5.110 1.0 0.000 0.000 0.000 996
2000 12 13 15 0 0.93 35.9382 -117.6908 5.820 1.0 0.000 0.000 0.000 997
2000 12 13 15 0 0.86 35.9330 -117.6764 4.930 1.0 0.000 0.000 0.000 998
2000 12 13 15 0 1.04 35.7007 -117.5041 6.300 1.0 0.000 0.000 0.000 999
2000 12 13 15 0 1.02 35.6601 -117.4756 6.200 1.0 0.000 0.000 0.000 1000
