 4.800  2.844   0.0
 4.950  2.931   0.5
 5.090  3.012   1.0
 5.220  3.088   1.5
 5.340  3.157   2.0
 5.450  3.221   2.5
 5.550  3.278   3.0
 5.640  3.329   3.5
 5.720  3.375   4.0
 5.780  3.409   4.5
 5.820  3.431   5.0
 5.840  3.441   5.5
 5.860  3.451   6.0
 5.880  3.461   6.5
 5.900  3.471   7.0
 5.920  3.481   7.5
 5.940  3.491   8.0
 5.960  3.501   8.5
 5.980  3.511   9.0
 6.000  3.521   9.5
 6.020  3.531  10.0
 6.040  3.541  10.5
 6.060  3.552  11.0
 6.080  3.562  11.5
 6.100  3.572  12.0
 6.120  3.583  12.5
 6.140  3.593  13.0
 6.160  3.603  13.5
 6.180  3.614  14.0
 6.200  3.624  14.5
 6.220  3.634  15.0
 6.242  3.646  15.5
 6.264  3.657  16.0
 6.286  3.669  16.5
 6.308  3.680  17.0
 6.330  3.692  17.5
 6.354  3.704  18.0
 6.378  3.717  18.5
 6.402  3.729  19.0
 6.426  3.742  19.5
 6.450  3.754  20.0
 6.476  3.768  20.5
 6.502  3.782  21.0
 6.528  3.795  21.5
 6.544  3.803  22.0
 6.570  3.817  22.5
 6.596  3.831  23.0
 6.622  3.844  23.5
 6.648  3.858  24.0
 6.674  3.872  24.5
 6.700  3.885  25.0
 6.728  3.900  25.5
 6.756  3.915  26.0
 6.784  3.929  26.5
 6.812  3.944  27.0
 6.840  3.959  27.5
 6.868  3.974  28.0
 6.896  3.988  28.5
 6.924  4.003  29.0
 6.952  4.018  29.5
 6.980  4.032  30.0
 7.006  4.046  30.5
 7.032  4.059  31.0
 7.058  4.073  31.5
 7.084  4.086  32.0
 7.110  4.100  32.5
 7.136  4.113  33.0
 7.162  4.127  33.5
 7.188  4.140  34.0
 7.204  4.148  34.5
 7.230  4.161  35.0
 7.254  4.173  35.5
 7.278  4.186  36.0
 7.302  4.198  36.5
 7.326  4.210  37.0
 7.348  4.221  37.5
 7.370  4.232  38.0
 7.392  4.243  38.5
 7.414  4.254  39.0
 7.434  4.264  39.5
 7.454  4.274  40.0
 7.474  4.284  40.5
 7.494  4.294  41.0
 7.512  4.303  41.5
 7.530  4.311  42.0
 7.548  4.320  42.5
 7.566  4.329  43.0
 7.582  4.336  43.5
 7.598  4.344  44.0
 7.612  4.350  44.5
 7.626  4.356  45.0
 7.638  4.362  45.5
 7.650  4.367  46.0
 7.660  4.371  46.5
 7.670  4.375  47.0
 7.679  4.379  47.5
 7.688  4.382  48.0
 7.696  4.385  48.5
 7.704  4.388  49.0
 7.711  4.390  49.5
 7.718  4.393  50.0
 7.724  4.395  50.5
 7.730  4.396  51.0
 7.735  4.398  51.5
 7.740  4.399  52.0
 7.750  4.403  52.5
 7.755  4.404  53.0
 7.760  4.405  53.5
 7.765  4.406  54.0
 7.770  4.408  54.5
 7.775  4.409  55.0
 7.779  4.409  55.5
 7.783  4.410  56.0
 7.787  4.411  56.5
 7.791  4.411  57.0
 7.795  4.412  57.5
 7.799  4.413  58.0
 7.803  4.413  58.5
 7.807  4.414  59.0
 7.811  4.415  59.5
 7.815  4.415  60.0
 7.818  4.416  60.5
 7.821  4.416  61.0
 7.824  4.417  61.5
 7.827  4.417  62.0
 7.830  4.417  62.5
 7.833  4.418  63.0
 7.836  4.418  63.5
 7.839  4.419  64.0
 7.842  4.419  64.5
 7.845  4.419  65.0
 7.847  4.419  65.5
 7.849  4.419  66.0
 7.851  4.419  66.5
 7.853  4.419  67.0
 7.855  4.419  67.5
 7.857  4.419  68.0
 7.859  4.419  68.5
 7.861  4.419  69.0
 7.863  4.419  69.5
 7.865  4.419  70.0
 7.866  4.419  70.5
 7.867  4.419  71.0
 7.868  4.419  71.5
 7.869  4.419  72.0
 7.870  4.420  72.5
 7.871  4.420  73.0
 7.872  4.420  73.5
 7.873  4.420  74.0
 7.874  4.420  74.5
 7.875  4.420  75.0
 7.876  4.420  75.5
 7.877  4.420  76.0
 7.878  4.420  76.5
 7.879  4.420  77.0
 7.880  4.420  77.5
 7.881  4.420  78.0
 7.883  4.420  78.5
 7.885  4.420  79.0
 7.887  4.420  79.5
 7.889  4.420  80.0
 7.891  4.420  80.5
 7.893  4.421  81.0
 7.895  4.422  81.5
 7.896  4.423  82.0
 7.898  4.423  82.5
 7.900  4.424  83.0
 7.901  4.425  83.5
 7.903  4.425  84.0
 7.905  4.426  84.5
 7.906  4.427  85.0
 7.908  4.428  85.5
 7.909  4.428  86.0
 7.911  4.429  86.5
 7.912  4.429  87.0
 7.914  4.430  87.5
 7.915  4.430  88.0
 7.917  4.431  88.5
 7.918  4.431  89.0
 7.920  4.432  89.5
 7.921  4.433  90.0
 7.923  4.434  90.5
 7.924  4.434  91.0
 7.926  4.435  91.5
 7.927  4.435  92.0
 7.928  4.436  92.5
 7.930  4.437  93.0
 7.931  4.437  93.5
 7.933  4.438  94.0
 7.934  4.439  94.5
 7.936  4.440  95.0
 7.937  4.440  95.5
 7.938  4.441  96.0
 7.940  4.442  96.5
 7.941  4.442  97.0
 7.943  4.443  97.5
 7.944  4.443  98.0
 7.945  4.444  98.5
 7.947  4.445  99.0
 7.948  4.445  99.5
 7.949  4.446 100.0
 7.951  4.447 100.5
 7.952  4.447 101.0
 7.953  4.448 101.5
 7.954  4.448 102.0
 7.955  4.448 102.5
 7.956  4.449 103.0
 7.957  4.449 103.5
 7.959  4.450 104.0
 7.960  4.451 104.5
 7.961  4.451 105.0
 7.963  4.452 105.5
 7.964  4.453 106.0
 7.965  4.453 106.5
 7.967  4.454 107.0
 7.968  4.455 107.5
 7.970  4.456 108.0
 7.971  4.456 108.5
 7.973  4.457 109.0
 7.974  4.457 109.5
 7.976  4.458 110.0
 7.977  4.459 110.5
 7.979  4.460 111.0
 7.981  4.461 111.5
 7.982  4.461 112.0
 7.984  4.462 112.5
 7.985  4.463 113.0
 7.987  4.464 113.5
 7.989  4.465 114.0
 7.990  4.465 114.5
 7.992  4.466 115.0
 7.994  4.467 115.5
 7.996  4.468 116.0
 7.997  4.468 116.5
 7.999  4.469 117.0
 8.001  4.470 117.5
 8.002  4.471 118.0
 8.004  4.472 118.5
 8.006  4.473 119.0
 8.008  4.474 119.5
 8.009  4.474 120.0
 8.011  4.475 120.5
 8.013  4.476 121.0
 8.015  4.477 121.5
 8.017  4.478 122.0
 8.019  4.479 122.5
 8.021  4.480 123.0
 8.023  4.481 123.5
 8.025  4.482 124.0
 8.027  4.483 124.5
 8.028  4.484 125.0
 8.030  4.485 125.5
 8.032  4.486 126.0
 8.034  4.487 126.5
 8.036  4.488 127.0
 8.038  4.489 127.5
 8.039  4.489 128.0
 8.041  4.490 128.5
 8.043  4.491 129.0
 8.045  4.492 129.5
 8.046  4.492 130.0
 8.048  4.493 130.5
 8.050  4.494 131.0
 8.052  4.495 131.5
 8.053  4.496 132.0
 8.055  4.497 132.5
 8.057  4.498 133.0
 8.058  4.498 133.5
 8.060  4.499 134.0
 8.062  4.500 134.5
 8.063  4.501 135.0
 8.065  4.502 135.5
 8.067  4.503 136.0
 8.068  4.503 136.5
 8.070  4.504 137.0
 8.072  4.505 137.5
 8.073  4.506 138.0
 8.075  4.507 138.5
 8.076  4.507 139.0
 8.078  4.508 139.5
 8.079  4.508 140.0
 8.081  4.509 140.5
 8.083  4.510 141.0
 8.085  4.511 141.5
 8.086  4.512 142.0
 8.088  4.513 142.5
 8.090  4.514 143.0
 8.091  4.514 143.5
 8.093  4.515 144.0
 8.095  4.516 144.5
 8.096  4.517 145.0
 8.098  4.518 145.5
 8.099  4.518 146.0
 8.101  4.519 146.5
 8.102  4.519 147.0
 8.104  4.520 147.5
 8.105  4.521 148.0
 8.107  4.522 148.5
 8.108  4.522 149.0
 8.110  4.523 149.5
 8.111  4.524 150.0
 8.113  4.525 150.5
 8.114  4.525 151.0
 8.116  4.526 151.5
 8.117  4.527 152.0
 8.118  4.527 152.5
 8.120  4.528 153.0
 8.121  4.528 153.5
 8.123  4.529 154.0
 8.124  4.530 154.5
 8.126  4.531 155.0
 8.127  4.531 155.5
 8.128  4.532 156.0
 8.130  4.533 156.5
 8.131  4.533 157.0
 8.133  4.534 157.5
 8.134  4.535 158.0
 8.135  4.535 158.5
 8.137  4.536 159.0
 8.138  4.536 159.5
 8.139  4.537 160.0
 8.141  4.538 160.5
 8.142  4.538 161.0
 8.143  4.539 161.5
 8.144  4.539 162.0
 8.145  4.540 162.5
 8.146  4.540 163.0
 8.147  4.540 163.5
 8.149  4.541 164.0
 8.150  4.542 164.5
 8.151  4.542 165.0
 8.153  4.543 165.5
 8.154  4.544 166.0
 8.155  4.544 166.5
 8.157  4.545 167.0
 8.158  4.545 167.5
 8.160  4.546 168.0
 8.161  4.547 168.5
 8.163  4.548 169.0
 8.164  4.548 169.5
 8.166  4.549 170.0
 8.167  4.550 170.5
 8.169  4.551 171.0
 8.171  4.552 171.5
 8.172  4.552 172.0
 8.174  4.553 172.5
 8.175  4.554 173.0
 8.177  4.555 173.5
 8.179  4.556 174.0
 8.180  4.556 174.5
 8.182  4.557 175.0
 8.184  4.558 175.5
 8.186  4.559 176.0
 8.187  4.559 176.5
 8.189  4.560 177.0
 8.191  4.561 177.5
 8.192  4.562 178.0
 8.194  4.563 178.5
 8.196  4.564 179.0
 8.198  4.565 179.5
 8.199  4.565 180.0
 8.202  4.567 180.5
 8.204  4.568 181.0
 8.205  4.568 181.5
 8.207  4.569 182.0
 8.209  4.570 182.5
 8.211  4.571 183.0
 8.213  4.572 183.5
 8.215  4.573 184.0
 8.217  4.574 184.5
 8.219  4.575 185.0
 8.221  4.576 185.5
 8.223  4.577 186.0
 8.224  4.577 186.5
 8.226  4.578 187.0
 8.228  4.579 187.5
 8.230  4.580 188.0
 8.232  4.581 188.5
 8.233  4.582 189.0
 8.235  4.583 189.5
 8.237  4.584 190.0
 8.238  4.584 190.5
 8.240  4.585 191.0
 8.242  4.587 191.5
 8.244  4.588 192.0
 8.245  4.588 192.5
 8.247  4.589 193.0
 8.249  4.590 193.5
 8.250  4.591 194.0
 8.252  4.592 194.5
 8.254  4.593 195.0
 8.255  4.594 195.5
 8.257  4.595 196.0
 8.258  4.595 196.5
 8.260  4.597 197.0
 8.262  4.598 197.5
 8.263  4.598 198.0
 8.265  4.599 198.5
 8.266  4.600 199.0
 8.268  4.601 199.5
 8.269  4.602 200.0
 8.271  4.603 200.5
 8.272  4.603 201.0
 8.274  4.604 201.5
 8.275  4.604 202.0
 8.277  4.605 202.5
 8.278  4.606 203.0
 8.280  4.607 203.5
 8.281  4.607 204.0
 8.283  4.608 204.5
 8.284  4.609 205.0
 8.286  4.610 205.5
 8.287  4.610 206.0
 8.289  4.611 206.5
 8.290  4.611 207.0
 8.292  4.612 207.5
 8.293  4.613 208.0
 8.295  4.614 208.5
 8.296  4.614 209.0
 8.298  4.615 209.5
 8.299  4.616 210.0
 8.301  4.617 210.5
 8.302  4.617 211.0
 8.304  4.618 211.5
 8.305  4.619 212.0
 8.307  4.620 212.5
 8.308  4.621 213.0
 8.310  4.622 213.5
 8.311  4.622 214.0
 8.313  4.623 214.5
 8.314  4.624 215.0
 8.316  4.625 215.5
 8.317  4.626 216.0
 8.319  4.627 216.5
 8.320  4.627 217.0
 8.322  4.628 217.5
 8.323  4.629 218.0
 8.325  4.630 218.5
 8.326  4.631 219.0
 8.328  4.632 219.5
 8.329  4.632 220.0
 8.331  4.633 220.5
 8.333  4.634 221.0
 8.335  4.635 221.5
 8.336  4.636 222.0
 8.338  4.637 222.5
 8.340  4.638 223.0
 8.341  4.638 223.5
 8.343  4.639 224.0
 8.345  4.640 224.5
 8.346  4.641 225.0
 8.348  4.642 225.5
 8.349  4.642 226.0
 8.351  4.643 226.5
 8.352  4.643 227.0
 8.354  4.644 227.5
 8.355  4.645 228.0
 8.357  4.646 228.5
 8.358  4.646 229.0
 8.360  4.647 229.5
 8.361  4.648 230.0
 8.363  4.649 230.5
 8.364  4.649 231.0
 8.366  4.650 231.5
 8.367  4.651 232.0
 8.368  4.651 232.5
 8.370  4.653 233.0
 8.371  4.653 233.5
 8.373  4.654 234.0
 8.374  4.655 234.5
 8.376  4.656 235.0
 8.377  4.656 235.5
 8.378  4.657 236.0
 8.380  4.658 236.5
 8.381  4.659 237.0
 8.383  4.660 237.5
 8.384  4.660 238.0
 8.385  4.661 238.5
 8.387  4.662 239.0
 8.388  4.663 239.5
 8.389  4.663 240.0
 8.390  4.664 240.5
 8.391  4.664 241.0
 8.393  4.665 241.5
 8.394  4.665 242.0
 8.395  4.666 242.5
 8.396  4.666 243.0
 8.397  4.667 243.5
 8.398  4.667 244.0
 8.400  4.668 244.5
 8.401  4.669 245.0
 8.402  4.669 245.5
 8.404  4.670 246.0
 8.405  4.670 246.5
 8.406  4.671 247.0
 8.408  4.672 247.5
 8.409  4.672 248.0
 8.411  4.673 248.5
 8.412  4.674 249.0
 8.414  4.675 249.5
 8.415  4.675 250.0
 8.417  4.676 250.5
 8.419  4.677 251.0
 8.420  4.678 251.5
 8.422  4.679 252.0
 8.423  4.679 252.5
 8.425  4.681 253.0
 8.427  4.682 253.5
 8.428  4.682 254.0
 8.430  4.683 254.5
 8.432  4.684 255.0
 8.434  4.686 255.5
 8.435  4.686 256.0
 8.437  4.687 256.5
 8.439  4.688 257.0
 8.441  4.689 257.5
 8.442  4.690 258.0
 8.444  4.691 258.5
 8.446  4.692 259.0
 8.448  4.693 259.5
 8.449  4.694 260.0
 8.452  4.695 260.5
 8.454  4.696 261.0
 8.456  4.697 261.5
 8.458  4.698 262.0
 8.460  4.699 262.5
 8.462  4.700 263.0
 8.464  4.701 263.5
 8.466  4.702 264.0
 8.468  4.703 264.5
 8.470  4.704 265.0
 8.472  4.705 265.5
 8.474  4.706 266.0
 8.476  4.707 266.5
 8.478  4.708 267.0
 8.479  4.709 267.5
 8.481  4.710 268.0
 8.483  4.711 268.5
 8.485  4.712 269.0
 8.486  4.712 269.5
 8.488  4.713 270.0
 8.490  4.714 270.5
 8.492  4.715 271.0
 8.493  4.716 271.5
 8.495  4.717 272.0
 8.496  4.717 272.5
 8.498  4.718 273.0
 8.500  4.720 273.5
 8.501  4.720 274.0
 8.503  4.721 274.5
 8.504  4.722 275.0
 8.506  4.723 275.5
 8.507  4.723 276.0
 8.509  4.725 276.5
 8.511  4.726 277.0
 8.512  4.726 277.5
 8.514  4.727 278.0
 8.515  4.728 278.5
 8.517  4.729 279.0
 8.518  4.730 279.5
 8.519  4.730 280.0
 8.521  4.731 280.5
 8.522  4.732 281.0
 8.523  4.732 281.5
 8.525  4.733 282.0
 8.526  4.733 282.5
 8.527  4.734 283.0
 8.529  4.735 283.5
 8.530  4.735 284.0
 8.531  4.736 284.5
 8.533  4.737 285.0
 8.534  4.737 285.5
 8.535  4.737 286.0
 8.537  4.738 286.5
 8.538  4.739 287.0
 8.540  4.740 287.5
 8.541  4.740 288.0
 8.543  4.741 288.5
 8.544  4.742 289.0
 8.546  4.743 289.5
 8.547  4.743 290.0
 8.549  4.744 290.5
 8.550  4.745 291.0
 8.552  4.746 291.5
 8.553  4.746 292.0
 8.555  4.748 292.5
 8.557  4.749 293.0
 8.558  4.749 293.5
 8.560  4.750 294.0
 8.561  4.751 294.5
 8.563  4.752 295.0
 8.565  4.753 295.5
 8.566  4.754 296.0
 8.568  4.755 296.5
 8.569  4.755 297.0
 8.571  4.756 297.5
 8.573  4.757 298.0
 8.574  4.758 298.5
 8.576  4.759 299.0
 8.578  4.760 299.5
 8.579  4.761 300.0
 8.581  4.762 300.5
 8.583  4.763 301.0
 8.585  4.764 301.5
 8.586  4.764 302.0
 8.588  4.765 302.5
 8.590  4.766 303.0
 8.592  4.767 303.5
 8.593  4.768 304.0
 8.595  4.769 304.5
 8.597  4.769 305.0
 8.599  4.770 305.5
 8.600  4.771 306.0
 8.602  4.772 306.5
 8.604  4.773 307.0
 8.606  4.774 307.5
 8.607  4.774 308.0
 8.609  4.775 308.5
 8.611  4.776 309.0
 8.613  4.777 309.5
 8.614  4.778 310.0
 8.616  4.779 310.5
 8.618  4.780 311.0
 8.620  4.781 311.5
 8.621  4.781 312.0
 8.623  4.783 312.5
 8.625  4.784 313.0
 8.627  4.785 313.5
 8.628  4.785 314.0
 8.630  4.786 314.5
 8.632  4.788 315.0
 8.634  4.789 315.5
 8.635  4.789 316.0
 8.637  4.790 316.5
 8.639  4.791 317.0
 8.641  4.793 317.5
 8.642  4.793 318.0
 8.644  4.794 318.5
 8.646  4.795 319.0
 8.648  4.796 319.5
 8.649  4.797 320.0
 8.651  4.798 320.5
 8.653  4.799 321.0
 8.655  4.800 321.5
 8.657  4.801 322.0
 8.658  4.801 322.5
 8.660  4.802 323.0
 8.662  4.803 323.5
 8.664  4.804 324.0
 8.666  4.805 324.5
 8.667  4.806 325.0
 8.669  4.807 325.5
 8.671  4.808 326.0
 8.673  4.809 326.5
 8.674  4.809 327.0
 8.676  4.810 327.5
 8.678  4.811 328.0
 8.680  4.812 328.5
 8.681  4.812 329.0
 8.683  4.813 329.5
 8.685  4.814 330.0
 8.687  4.815 330.5
 8.688  4.816 331.0
 8.690  4.817 331.5
 8.692  4.818 332.0
 8.694  4.819 332.5
 8.695  4.820 333.0
 8.697  4.821 333.5
 8.699  4.822 334.0
 8.700  4.823 334.5
 8.702  4.824 335.0
 8.704  4.825 335.5
 8.706  4.826 336.0
 8.707  4.826 336.5
 8.709  4.828 337.0
 8.711  4.829 337.5
 8.713  4.830 338.0
 8.714  4.830 338.5
 8.716  4.831 339.0
 8.718  4.833 339.5
 8.719  4.833 340.0
 8.721  4.834 340.5
 8.722  4.835 341.0
 8.723  4.835 341.5
 8.725  4.836 342.0
 8.726  4.836 342.5
 8.728  4.837 343.0
 8.729  4.838 343.5
 8.731  4.839 344.0
 8.732  4.839 344.5
 8.734  4.840 345.0
 8.735  4.841 345.5
 8.737  4.842 346.0
 8.739  4.842 346.5
 8.740  4.843 347.0
 8.742  4.844 347.5
 8.744  4.845 348.0
 8.746  4.846 348.5
 8.748  4.847 349.0
 8.749  4.847 349.5
 8.751  4.848 350.0
 8.753  4.849 350.5
 8.755  4.850 351.0
 8.757  4.852 351.5
 8.759  4.853 352.0
 8.760  4.853 352.5
 8.762  4.854 353.0
 8.764  4.855 353.5
 8.766  4.857 354.0
 8.768  4.858 354.5
 8.770  4.859 355.0
 8.772  4.860 355.5
 8.774  4.861 356.0
 8.776  4.862 356.5
 8.778  4.863 357.0
 8.780  4.864 357.5
 8.782  4.865 358.0
 8.784  4.866 358.5
 8.786  4.868 359.0
 8.788  4.869 359.5
 8.789  4.869 360.0
 8.792  4.871 360.5
 8.795  4.873 361.0
 8.798  4.874 361.5
 8.801  4.876 362.0
 8.803  4.877 362.5
 8.806  4.879 363.0
 8.808  4.880 363.5
 8.810  4.881 364.0
 8.812  4.882 364.5
 8.815  4.884 365.0
 8.817  4.885 365.5
 8.819  4.886 366.0
 8.821  4.887 366.5
 8.823  4.888 367.0
 8.824  4.889 367.5
 8.826  4.890 368.0
 8.828  4.891 368.5
 8.830  4.892 369.0
 8.831  4.893 369.5
 8.833  4.894 370.0
 8.835  4.895 370.5
 8.836  4.895 371.0
 8.838  4.896 371.5
 8.839  4.897 372.0
 8.841  4.898 372.5
 8.842  4.899 373.0
 8.843  4.899 373.5
 8.845  4.900 374.0
 8.846  4.901 374.5
 8.847  4.901 375.0
 8.849  4.902 375.5
 8.850  4.903 376.0
 8.851  4.904 376.5
 8.852  4.904 377.0
 8.854  4.905 377.5
 8.855  4.906 378.0
 8.856  4.906 378.5
 8.857  4.907 379.0
 8.858  4.907 379.5
 8.859  4.908 380.0
 8.860  4.909 380.5
 8.861  4.909 381.0
 8.861  4.909 381.5
 8.862  4.910 382.0
 8.863  4.910 382.5
 8.864  4.911 383.0
 8.864  4.911 383.5
 8.865  4.911 384.0
 8.866  4.912 384.5
 8.867  4.912 385.0
 8.869  4.914 385.5
 8.870  4.914 386.0
 8.871  4.915 386.5
 8.872  4.915 387.0
 8.873  4.916 387.5
 8.875  4.917 388.0
 8.876  4.917 388.5
 8.878  4.919 389.0
 8.879  4.919 389.5
 8.881  4.920 390.0
 8.882  4.921 390.5
 8.884  4.922 391.0
 8.885  4.922 391.5
 8.887  4.924 392.0
 8.889  4.925 392.5
 8.891  4.926 393.0
 8.892  4.926 393.5
 8.894  4.927 394.0
 8.896  4.929 394.5
 8.898  4.930 395.0
 8.900  4.931 395.5
 8.902  4.932 396.0
 8.904  4.933 396.5
 8.906  4.934 397.0
 8.908  4.935 397.5
 8.911  4.937 398.0
 8.913  4.938 398.5
 8.915  4.939 399.0
 8.917  4.940 399.5
 8.919  4.941 400.0
 8.922  4.943 400.5
 8.924  4.944 401.0
 8.927  4.946 401.5
 8.929  4.947 402.0
 8.932  4.948 402.5
 8.934  4.950 403.0
 8.937  4.951 403.5
 8.939  4.952 404.0
 8.942  4.954 404.5
 8.944  4.955 405.0
 8.947  4.957 405.5
 8.949  4.958 406.0
 8.952  4.960 406.5
 8.955  4.961 407.0
 8.957  4.962 407.5
 8.960  4.964 408.0
 8.963  4.966 408.5
 8.965  4.967 409.0
 8.968  4.968 409.5
 8.971  4.970 410.0
 8.974  4.972 410.5
 8.977  4.973 411.0
 8.979  4.975 411.5
 8.982  4.976 412.0
 8.985  4.978 412.5
 8.988  4.980 413.0
 8.991  4.981 413.5
 8.994  4.983 414.0
 8.997  4.984 414.5
 9.000  4.986 415.0
 9.002  4.987 415.5
 9.005  4.989 416.0
 9.008  4.991 416.5
 9.011  4.992 417.0
 9.014  4.994 417.5
 9.017  4.996 418.0
 9.020  4.997 418.5
 9.023  4.999 419.0
 9.026  5.001 419.5
 9.029  5.002 420.0
 9.033  5.004 420.5
 9.036  5.006 421.0
 9.039  5.008 421.5
 9.042  5.009 422.0
 9.045  5.011 422.5
 9.049  5.013 423.0
 9.052  5.015 423.5
 9.055  5.017 424.0
 9.058  5.018 424.5
 9.061  5.020 425.0
 9.065  5.022 425.5
 9.068  5.024 426.0
 9.071  5.025 426.5
 9.074  5.027 427.0
 9.077  5.029 427.5
 9.081  5.031 428.0
 9.084  5.033 428.5
 9.087  5.034 429.0
 9.090  5.036 429.5
 9.094  5.038 430.0
 9.097  5.040 430.5
 9.100  5.042 431.0
 9.103  5.043 431.5
 9.107  5.045 432.0
 9.110  5.047 432.5
 9.113  5.049 433.0
 9.116  5.050 433.5
 9.120  5.053 434.0
 9.123  5.054 434.5
 9.126  5.056 435.0
 9.130  5.058 435.5
 9.133  5.060 436.0
 9.136  5.061 436.5
 9.139  5.063 437.0
 9.143  5.065 437.5
 9.146  5.067 438.0
 9.149  5.069 438.5
 9.153  5.071 439.0
 9.156  5.073 439.5
 9.159  5.074 440.0
 9.163  5.076 440.5
 9.166  5.078 441.0
 9.169  5.080 441.5
 9.173  5.082 442.0
 9.176  5.084 442.5
 9.179  5.085 443.0
 9.183  5.088 443.5
 9.186  5.089 444.0
 9.190  5.091 444.5
 9.193  5.093 445.0
 9.196  5.095 445.5
 9.200  5.097 446.0
 9.203  5.099 446.5
 9.207  5.101 447.0
 9.210  5.102 447.5
 9.214  5.105 448.0
 9.217  5.106 448.5
 9.221  5.109 449.0
 9.224  5.110 449.5
 9.228  5.112 450.0
 9.231  5.114 450.5
 9.235  5.116 451.0
 9.238  5.118 451.5
 9.242  5.120 452.0
 9.245  5.122 452.5
 9.249  5.124 453.0
 9.252  5.126 453.5
 9.256  5.128 454.0
 9.260  5.130 454.5
 9.263  5.132 455.0
 9.267  5.134 455.5
 9.270  5.136 456.0
 9.274  5.138 456.5
 9.278  5.140 457.0
 9.281  5.142 457.5
 9.285  5.144 458.0
 9.289  5.146 458.5
 9.292  5.148 459.0
 9.296  5.150 459.5
 9.299  5.152 460.0
 9.303  5.154 460.5
 9.307  5.156 461.0
 9.310  5.158 461.5
 9.314  5.160 462.0
 9.317  5.162 462.5
 9.321  5.164 463.0
 9.325  5.166 463.5
 9.328  5.168 464.0
 9.332  5.170 464.5
 9.336  5.172 465.0
 9.339  5.174 465.5
 9.343  5.176 466.0
 9.347  5.178 466.5
 9.351  5.181 467.0
 9.354  5.182 467.5
 9.358  5.184 468.0
 9.362  5.187 468.5
 9.366  5.189 469.0
 9.369  5.191 469.5
 9.373  5.193 470.0
 9.377  5.195 470.5
 9.381  5.197 471.0
 9.384  5.199 471.5
 9.388  5.201 472.0
 9.392  5.203 472.5
 9.396  5.206 473.0
 9.400  5.208 473.5
 9.404  5.210 474.0
 9.407  5.212 474.5
 9.411  5.214 475.0
 9.415  5.216 475.5
 9.419  5.218 476.0
 9.423  5.220 476.5
 9.426  5.222 477.0
 9.430  5.224 477.5
 9.434  5.227 478.0
 9.438  5.229 478.5
 9.442  5.231 479.0
 9.446  5.233 479.5
 9.449  5.235 480.0
 9.454  5.238 480.5
 9.458  5.240 481.0
 9.462  5.242 481.5
 9.466  5.244 482.0
 9.470  5.247 482.5
 9.474  5.249 483.0
 9.478  5.251 483.5
 9.482  5.253 484.0
 9.486  5.255 484.5
 9.490  5.258 485.0
 9.493  5.259 485.5
 9.497  5.261 486.0
 9.501  5.264 486.5
 9.505  5.266 487.0
 9.509  5.268 487.5
 9.513  5.270 488.0
 9.516  5.272 488.5
 9.520  5.274 489.0
 9.524  5.276 489.5
 9.528  5.279 490.0
 9.531  5.280 490.5
 9.535  5.283 491.0
 9.539  5.285 491.5
 9.542  5.286 492.0
 9.546  5.289 492.5
 9.550  5.291 493.0
 9.553  5.293 493.5
 9.557  5.295 494.0
 9.560  5.296 494.5
 9.564  5.299 495.0
 9.568  5.301 495.5
 9.571  5.302 496.0
 9.575  5.305 496.5
 9.578  5.306 497.0
 9.582  5.309 497.5
 9.585  5.310 498.0
 9.589  5.312 498.5
 9.592  5.314 499.0
 9.596  5.316 499.5
 9.599  5.318 500.0
 9.603  5.320 500.5
 9.606  5.322 501.0
 9.609  5.324 501.5
 9.612  5.325 502.0
 9.615  5.327 502.5
 9.618  5.329 503.0
 9.622  5.331 503.5
 9.625  5.332 504.0
 9.628  5.334 504.5
 9.632  5.336 505.0
 9.635  5.338 505.5
 9.638  5.340 506.0
 9.642  5.342 506.5
 9.645  5.343 507.0
 9.649  5.346 507.5
 9.652  5.347 508.0
 9.656  5.350 508.5
 9.659  5.351 509.0
 9.663  5.353 509.5
 9.666  5.355 510.0
 9.670  5.357 510.5
 9.673  5.359 511.0
 9.677  5.361 511.5
 9.681  5.363 512.0
 9.684  5.365 512.5
 9.688  5.367 513.0
 9.692  5.370 513.5
 9.695  5.371 514.0
 9.699  5.373 514.5
 9.703  5.376 515.0
 9.706  5.377 515.5
 9.710  5.380 516.0
 9.714  5.382 516.5
 9.717  5.383 517.0
 9.721  5.386 517.5
 9.725  5.388 518.0
 9.728  5.389 518.5
 9.732  5.392 519.0
 9.736  5.394 519.5
 9.739  5.396 520.0
 9.744  5.398 520.5
 9.748  5.401 521.0
 9.752  5.403 521.5
 9.756  5.405 522.0
 9.760  5.407 522.5
 9.764  5.409 523.0
 9.768  5.412 523.5
 9.772  5.414 524.0
 9.776  5.416 524.5
 9.780  5.418 525.0
 9.784  5.420 525.5
 9.787  5.422 526.0
 9.791  5.424 526.5
 9.795  5.427 527.0
 9.798  5.428 527.5
 9.802  5.430 528.0
 9.805  5.432 528.5
 9.809  5.434 529.0
 9.812  5.436 529.5
 9.816  5.438 530.0
 9.819  5.440 530.5
 9.823  5.442 531.0
 9.826  5.444 531.5
 9.829  5.445 532.0
 9.833  5.448 532.5
 9.836  5.449 533.0
 9.839  5.451 533.5
 9.842  5.453 534.0
 9.845  5.454 534.5
 9.849  5.457 535.0
 9.852  5.458 535.5
 9.855  5.460 536.0
 9.858  5.461 536.5
 9.861  5.463 537.0
 9.864  5.465 537.5
 9.867  5.466 538.0
 9.870  5.468 538.5
 9.873  5.470 539.0
 9.876  5.471 539.5
 9.879  5.473 540.0
 9.882  5.475 540.5
 9.885  5.476 541.0
 9.888  5.478 541.5
 9.890  5.479 542.0
 9.893  5.481 542.5
 9.896  5.483 543.0
 9.899  5.484 543.5
 9.901  5.485 544.0
 9.904  5.487 544.5
 9.907  5.489 545.0
 9.910  5.490 545.5
 9.913  5.492 546.0
 9.916  5.494 546.5
 9.919  5.495 547.0
 9.922  5.497 547.5
 9.925  5.499 548.0
 9.928  5.500 548.5
 9.931  5.502 549.0
 9.934  5.504 549.5
 9.937  5.505 550.0
 9.940  5.507 550.5
 9.943  5.509 551.0
 9.946  5.510 551.5
 9.949  5.512 552.0
 9.952  5.514 552.5
 9.955  5.515 553.0
 9.958  5.517 553.5
 9.961  5.519 554.0
 9.964  5.520 554.5
 9.968  5.522 555.0
 9.971  5.524 555.5
 9.974  5.526 556.0
 9.977  5.527 556.5
 9.980  5.529 557.0
 9.983  5.531 557.5
 9.987  5.533 558.0
 9.990  5.535 558.5
 9.993  5.536 559.0
 9.996  5.538 559.5
10.000  5.540 560.0
10.003  5.542 560.5
10.006  5.543 561.0
10.009  5.545 561.5
10.012  5.547 562.0
10.015  5.548 562.5
10.018  5.550 563.0
10.022  5.552 563.5
10.025  5.554 564.0
10.028  5.556 564.5
10.031  5.557 565.0
10.035  5.560 565.5
10.038  5.561 566.0
10.041  5.563 566.5
10.044  5.565 567.0
10.048  5.567 567.5
10.051  5.568 568.0
10.054  5.570 568.5
10.057  5.572 569.0
10.061  5.574 569.5
10.064  5.576 570.0
10.067  5.577 570.5
10.071  5.580 571.0
10.074  5.581 571.5
10.077  5.583 572.0
10.080  5.584 572.5
10.084  5.587 573.0
10.087  5.588 573.5
10.090  5.590 574.0
10.094  5.592 574.5
10.097  5.594 575.0
10.100  5.596 575.5
10.103  5.597 576.0
10.107  5.599 576.5
10.110  5.601 577.0
10.113  5.603 577.5
10.117  5.605 578.0
10.120  5.607 578.5
10.123  5.608 579.0
10.126  5.610 579.5
10.129  5.612 580.0
10.133  5.614 580.5
10.137  5.616 581.0
10.140  5.618 581.5
10.144  5.620 582.0
10.147  5.622 582.5
10.150  5.623 583.0
10.154  5.625 583.5
10.157  5.627 584.0
10.160  5.629 584.5
10.164  5.631 585.0
10.167  5.633 585.5
10.170  5.634 586.0
10.173  5.636 586.5
10.176  5.638 587.0
10.179  5.639 587.5
10.182  5.641 588.0
10.185  5.643 588.5
10.188  5.644 589.0
10.191  5.646 589.5
10.194  5.648 590.0
10.197  5.649 590.5
10.200  5.651 591.0
10.203  5.653 591.5
10.206  5.654 592.0
10.209  5.656 592.5
10.212  5.658 593.0
10.215  5.659 593.5
10.217  5.660 594.0
10.220  5.662 594.5
10.223  5.664 595.0
10.226  5.665 595.5
10.228  5.666 596.0
10.231  5.668 596.5
10.234  5.670 597.0
10.236  5.671 597.5
10.239  5.673 598.0
10.242  5.674 598.5
10.244  5.675 599.0
10.247  5.677 599.5
10.250  5.679 600.0
10.252  5.680 600.5
10.254  5.681 601.0
10.256  5.682 601.5
10.259  5.684 602.0
10.261  5.685 602.5
10.264  5.686 603.0
10.266  5.688 603.5
10.268  5.689 604.0
10.271  5.690 604.5
10.273  5.691 605.0
10.276  5.693 605.5
10.278  5.694 606.0
10.281  5.696 606.5
10.283  5.697 607.0
10.286  5.699 607.5
10.288  5.700 608.0
10.291  5.701 608.5
10.293  5.702 609.0
10.296  5.704 609.5
10.298  5.705 610.0
10.301  5.707 610.5
10.303  5.708 611.0
10.306  5.710 611.5
10.308  5.711 612.0
10.311  5.712 612.5
10.313  5.714 613.0
10.316  5.715 613.5
10.319  5.717 614.0
10.321  5.718 614.5
10.324  5.720 615.0
10.326  5.721 615.5
10.329  5.722 616.0
10.331  5.724 616.5
10.334  5.725 617.0
10.337  5.727 617.5
10.339  5.728 618.0
10.342  5.730 618.5
10.344  5.731 619.0
10.347  5.732 619.5
10.349  5.734 620.0
10.352  5.735 620.5
10.355  5.737 621.0
10.358  5.739 621.5
10.361  5.740 622.0
10.363  5.741 622.5
10.366  5.743 623.0
10.369  5.745 623.5
10.371  5.746 624.0
10.374  5.747 624.5
10.377  5.749 625.0
10.379  5.750 625.5
10.382  5.752 626.0
10.385  5.753 626.5
10.387  5.755 627.0
10.390  5.756 627.5
10.392  5.757 628.0
10.395  5.759 628.5
10.397  5.760 629.0
10.400  5.762 629.5
10.402  5.763 630.0
10.405  5.765 630.5
10.407  5.766 631.0
10.410  5.767 631.5
10.412  5.768 632.0
10.414  5.770 632.5
10.417  5.771 633.0
10.419  5.772 633.5
10.422  5.774 634.0
10.424  5.775 634.5
10.426  5.776 635.0
10.429  5.778 635.5
10.431  5.779 636.0
10.433  5.780 636.5
10.436  5.782 637.0
10.438  5.783 637.5
10.440  5.784 638.0
10.443  5.786 638.5
10.445  5.787 639.0
10.447  5.788 639.5
10.449  5.789 640.0
10.452  5.791 640.5
10.454  5.792 641.0
10.456  5.793 641.5
10.458  5.794 642.0
10.460  5.795 642.5
10.462  5.796 643.0
10.465  5.798 643.5
10.467  5.799 644.0
10.469  5.800 644.5
10.471  5.801 645.0
10.473  5.802 645.5
10.476  5.804 646.0
10.478  5.805 646.5
10.480  5.806 647.0
10.482  5.807 647.5
10.484  5.808 648.0
10.487  5.810 648.5
10.489  5.811 649.0
10.491  5.812 649.5
10.493  5.813 650.0
10.496  5.815 650.5
10.498  5.816 651.0
10.500  5.817 651.5
10.503  5.819 652.0
10.505  5.820 652.5
10.507  5.821 653.0
10.509  5.822 653.5
10.512  5.824 654.0
10.514  5.825 654.5
10.516  5.826 655.0
10.519  5.828 655.5
10.521  5.829 656.0
10.523  5.830 656.5
10.526  5.832 657.0
10.528  5.833 657.5
10.530  5.834 658.0
10.533  5.835 658.5
10.535  5.837 659.0
10.537  5.838 659.5
10.539  5.839 660.0
10.542  5.840 660.5
10.544  5.842 661.0
10.546  5.843 661.5
10.549  5.844 662.0
10.551  5.845 662.5
10.553  5.847 663.0
10.556  5.848 663.5
10.558  5.849 664.0
10.560  5.850 664.5
10.563  5.852 665.0
10.565  5.853 665.5
10.567  5.854 666.0
10.569  5.855 666.5
10.572  5.857 667.0
10.574  5.858 667.5
10.576  5.859 668.0
10.579  5.861 668.5
10.581  5.862 669.0
10.583  5.863 669.5
10.585  5.864 670.0
10.588  5.866 670.5
10.590  5.867 671.0
10.592  5.868 671.5
10.594  5.869 672.0
10.597  5.871 672.5
10.599  5.872 673.0
10.601  5.873 673.5
10.603  5.874 674.0
10.606  5.876 674.5
10.608  5.877 675.0
10.610  5.878 675.5
10.612  5.879 676.0
10.614  5.880 676.5
10.617  5.882 677.0
10.619  5.883 677.5
10.621  5.884 678.0
10.623  5.885 678.5
10.625  5.886 679.0
10.627  5.888 679.5
10.629  5.889 680.0
10.632  5.890 680.5
10.634  5.891 681.0
10.637  5.893 681.5
10.639  5.894 682.0
10.641  5.895 682.5
10.643  5.896 683.0
10.646  5.898 683.5
10.648  5.899 684.0
10.650  5.900 684.5
10.652  5.901 685.0
10.654  5.902 685.5
10.656  5.904 686.0
10.658  5.905 686.5
10.661  5.906 687.0
10.663  5.907 687.5
10.665  5.909 688.0
10.667  5.910 688.5
10.669  5.911 689.0
10.671  5.912 689.5
10.673  5.913 690.0
10.674  5.914 690.5
10.676  5.915 691.0
10.678  5.916 691.5
10.680  5.917 692.0
10.682  5.918 692.5
10.684  5.919 693.0
10.686  5.920 693.5
10.688  5.921 694.0
10.690  5.922 694.5
10.691  5.923 695.0
10.693  5.924 695.5
10.695  5.925 696.0
10.697  5.926 696.5
10.699  5.927 697.0
10.701  5.929 697.5
10.702  5.929 698.0
10.704  5.930 698.5
10.706  5.931 699.0
10.708  5.932 699.5
10.709  5.933 700.0
10.711  5.934 700.5
10.712  5.935 701.0
10.714  5.936 701.5
10.715  5.936 702.0
10.717  5.937 702.5
10.718  5.938 703.0
10.720  5.939 703.5
10.721  5.940 704.0
10.723  5.941 704.5
10.724  5.941 705.0
10.726  5.942 705.5
10.728  5.943 706.0
10.729  5.944 706.5
10.731  5.945 707.0
10.733  5.946 707.5
10.735  5.947 708.0
10.736  5.948 708.5
10.738  5.949 709.0
10.740  5.950 709.5
10.742  5.951 710.0
10.744  5.952 710.5
10.745  5.953 711.0
10.747  5.954 711.5
10.749  5.955 712.0
10.751  5.956 712.5
10.753  5.957 713.0
10.755  5.958 713.5
10.757  5.960 714.0
10.758  5.960 714.5
10.760  5.961 715.0
10.762  5.962 715.5
10.764  5.963 716.0
10.766  5.965 716.5
10.768  5.966 717.0
10.770  5.967 717.5
10.772  5.968 718.0
10.774  5.969 718.5
10.776  5.970 719.0
10.778  5.971 719.5
10.779  5.972 720.0
10.782  5.973 720.5
10.784  5.975 721.0
10.786  5.976 721.5
10.788  5.977 722.0
10.791  5.978 722.5
10.793  5.980 723.0
10.795  5.981 723.5
10.797  5.982 724.0
10.799  5.983 724.5
10.801  5.984 725.0
10.803  5.985 725.5
10.805  5.986 726.0
10.806  5.987 726.5
10.808  5.988 727.0
10.810  5.989 727.5
10.812  5.990 728.0
10.814  5.991 728.5
10.816  5.992 729.0
10.817  5.993 729.5
10.819  5.994 730.0
10.821  5.995 730.5
10.822  5.996 731.0
10.824  5.997 731.5
10.826  5.998 732.0
10.827  5.998 732.5
10.829  5.999 733.0
10.830  6.000 733.5
10.832  6.001 734.0
10.834  6.002 734.5
10.835  6.003 735.0
10.837  6.004 735.5
10.838  6.004 736.0
10.840  6.006 736.5
10.841  6.006 737.0
10.842  6.007 737.5
10.844  6.008 738.0
10.845  6.008 738.5
10.847  6.009 739.0
10.848  6.010 739.5
10.849  6.011 740.0
10.851  6.012 740.5
10.852  6.012 741.0
10.853  6.013 741.5
10.854  6.013 742.0
10.856  6.014 742.5
10.857  6.015 743.0
10.858  6.016 743.5
10.859  6.016 744.0
10.861  6.017 744.5
10.862  6.018 745.0
10.863  6.018 745.5
10.864  6.019 746.0
10.866  6.020 746.5
10.867  6.020 747.0
10.868  6.021 747.5
10.869  6.022 748.0
10.871  6.023 748.5
10.872  6.023 749.0
10.873  6.024 749.5
10.874  6.024 750.0
10.876  6.025 750.5
10.877  6.026 751.0
10.878  6.027 751.5
10.879  6.027 752.0
10.881  6.028 752.5
10.882  6.029 753.0
10.883  6.029 753.5
10.884  6.030 754.0
10.886  6.031 754.5
10.887  6.032 755.0
10.888  6.032 755.5
10.889  6.033 756.0
10.891  6.034 756.5
10.892  6.034 757.0
10.893  6.035 757.5
10.894  6.035 758.0
10.896  6.037 758.5
10.897  6.037 759.0
10.898  6.038 759.5
10.899  6.038 760.0
10.901  6.039 760.5
10.902  6.040 761.0
10.904  6.041 761.5
10.905  6.042 762.0
10.906  6.042 762.5
10.908  6.043 763.0
10.909  6.044 763.5
10.910  6.044 764.0
10.911  6.045 764.5
10.913  6.046 765.0
10.914  6.047 765.5
10.915  6.047 766.0
10.917  6.048 766.5
10.918  6.049 767.0
10.919  6.049 767.5
10.920  6.050 768.0
10.922  6.051 768.5
10.923  6.052 769.0
10.924  6.052 769.5
10.925  6.053 770.0
10.927  6.054 770.5
10.928  6.054 771.0
10.929  6.055 771.5
10.930  6.055 772.0
10.931  6.056 772.5
10.933  6.057 773.0
10.934  6.058 773.5
10.935  6.058 774.0
10.936  6.059 774.5
10.937  6.059 775.0
10.939  6.060 775.5
10.940  6.061 776.0
10.941  6.061 776.5
10.942  6.062 777.0
10.943  6.063 777.5
10.945  6.064 778.0
10.946  6.064 778.5
10.947  6.065 779.0
10.948  6.065 779.5
10.949  6.066 780.0
10.950  6.066 780.5
10.951  6.067 781.0
10.952  6.068 781.5
10.953  6.068 782.0
10.954  6.069 782.5
10.955  6.069 783.0
10.956  6.070 783.5
10.957  6.070 784.0
10.958  6.071 784.5
10.959  6.071 785.0
10.961  6.073 785.5
10.962  6.073 786.0
10.963  6.074 786.5
10.964  6.074 787.0
10.965  6.075 787.5
10.967  6.076 788.0
10.968  6.076 788.5
10.969  6.077 789.0
10.970  6.078 789.5
10.972  6.079 790.0
10.973  6.079 790.5
10.974  6.080 791.0
10.976  6.081 791.5
10.977  6.081 792.0
10.978  6.082 792.5
10.980  6.083 793.0
10.981  6.084 793.5
10.983  6.085 794.0
10.984  6.085 794.5
10.985  6.086 795.0
10.987  6.087 795.5
10.988  6.088 796.0
10.990  6.089 796.5
10.991  6.089 797.0
10.992  6.090 797.5
10.994  6.091 798.0
10.995  6.091 798.5
10.997  6.093 799.0
10.998  6.093 799.5
11.000  6.094 800.0
11.001  6.095 800.5
11.003  6.096 801.0
11.005  6.097 801.5
11.006  6.098 802.0
11.008  6.099 802.5
11.010  6.100 803.0
11.011  6.100 803.5
11.013  6.101 804.0
11.014  6.102 804.5
11.016  6.103 805.0
11.017  6.104 805.5
11.019  6.105 806.0
11.020  6.105 806.5
11.021  6.106 807.0
11.023  6.107 807.5
11.024  6.107 808.0
11.025  6.108 808.5
11.027  6.109 809.0
11.028  6.110 809.5
11.029  6.110 810.0
11.030  6.111 810.5
11.031  6.111 811.0
11.033  6.112 811.5
11.034  6.113 812.0
11.035  6.114 812.5
11.036  6.114 813.0
11.037  6.115 813.5
11.038  6.115 814.0
11.039  6.116 814.5
11.040  6.116 815.0
11.041  6.117 815.5
11.042  6.117 816.0
11.043  6.118 816.5
11.044  6.119 817.0
11.045  6.119 817.5
11.046  6.120 818.0
11.047  6.120 818.5
11.048  6.121 819.0
11.049  6.121 819.5
11.049  6.121 820.0
11.050  6.122 820.5
11.051  6.122 821.0
11.052  6.123 821.5
11.053  6.124 822.0
11.053  6.124 822.5
11.054  6.124 823.0
11.055  6.125 823.5
11.056  6.125 824.0
11.057  6.126 824.5
11.057  6.126 825.0
11.058  6.126 825.5
11.059  6.127 826.0
11.060  6.127 826.5
11.060  6.127 827.0
11.061  6.128 827.5
11.062  6.129 828.0
11.063  6.129 828.5
11.063  6.129 829.0
11.064  6.130 829.5
11.065  6.130 830.0
11.066  6.131 830.5
11.066  6.131 831.0
11.067  6.131 831.5
11.068  6.132 832.0
11.069  6.132 832.5
11.069  6.132 833.0
11.070  6.133 833.5
11.071  6.134 834.0
11.071  6.134 834.5
11.072  6.134 835.0
11.073  6.135 835.5
11.074  6.135 836.0
11.074  6.135 836.5
11.075  6.136 837.0
11.076  6.136 837.5
11.077  6.137 838.0
11.077  6.137 838.5
11.078  6.137 839.0
11.079  6.138 839.5
11.079  6.138 840.0
11.080  6.139 840.5
11.081  6.139 841.0
11.081  6.139 841.5
11.082  6.140 842.0
11.082  6.140 842.5
11.083  6.140 843.0
11.084  6.141 843.5
11.084  6.141 844.0
11.085  6.141 844.5
11.086  6.142 845.0
11.086  6.142 845.5
11.087  6.142 846.0
11.088  6.143 846.5
11.089  6.143 847.0
11.089  6.143 847.5
11.090  6.144 848.0
11.091  6.145 848.5
11.092  6.145 849.0
11.092  6.145 849.5
11.093  6.146 850.0
11.094  6.146 850.5
11.095  6.147 851.0
11.095  6.147 851.5
11.096  6.147 852.0
11.097  6.148 852.5
11.098  6.148 853.0
11.099  6.149 853.5
11.100  6.150 854.0
11.100  6.150 854.5
11.101  6.150 855.0
11.102  6.151 855.5
11.103  6.151 856.0
11.104  6.152 856.5
11.104  6.152 857.0
11.105  6.152 857.5
11.106  6.153 858.0
11.107  6.153 858.5
11.108  6.154 859.0
11.109  6.155 859.5
11.109  6.155 860.0
11.111  6.156 860.5
11.112  6.156 861.0
11.112  6.156 861.5
11.113  6.157 862.0
11.114  6.157 862.5
11.115  6.158 863.0
11.116  6.158 863.5
11.117  6.159 864.0
11.118  6.160 864.5
11.119  6.160 865.0
11.120  6.161 865.5
11.121  6.161 866.0
11.121  6.161 866.5
11.122  6.162 867.0
11.123  6.162 867.5
11.124  6.163 868.0
11.125  6.163 868.5
11.125  6.163 869.0
11.126  6.164 869.5
11.127  6.165 870.0
11.127  6.165 870.5
11.128  6.165 871.0
11.129  6.166 871.5
11.130  6.166 872.0
11.130  6.166 872.5
11.131  6.167 873.0
11.132  6.167 873.5
11.132  6.167 874.0
11.133  6.168 874.5
11.134  6.168 875.0
11.134  6.168 875.5
11.135  6.169 876.0
11.135  6.169 876.5
11.136  6.170 877.0
11.137  6.170 877.5
11.137  6.170 878.0
11.138  6.171 878.5
11.138  6.171 879.0
11.139  6.171 879.5
11.139  6.171 880.0
11.140  6.172 880.5
11.140  6.172 881.0
11.141  6.172 881.5
11.141  6.172 882.0
11.142  6.173 882.5
11.142  6.173 883.0
11.143  6.173 883.5
11.143  6.173 884.0
11.144  6.174 884.5
11.144  6.174 885.0
11.145  6.175 885.5
11.145  6.175 886.0
11.146  6.175 886.5
11.146  6.175 887.0
11.147  6.176 887.5
11.147  6.176 888.0
11.148  6.176 888.5
11.148  6.176 889.0
11.149  6.177 889.5
11.149  6.177 890.0
11.150  6.177 890.5
11.150  6.177 891.0
11.151  6.178 891.5
11.151  6.178 892.0
11.152  6.178 892.5
11.152  6.178 893.0
11.153  6.179 893.5
11.153  6.179 894.0
11.154  6.180 894.5
11.154  6.180 895.0
11.155  6.180 895.5
11.155  6.180 896.0
11.156  6.181 896.5
11.156  6.181 897.0
11.157  6.181 897.5
11.157  6.181 898.0
11.158  6.182 898.5
11.158  6.182 899.0
11.159  6.182 899.5
11.159  6.182 900.0
11.160  6.183 900.5
11.161  6.183 901.0
11.161  6.183 901.5
11.162  6.184 902.0
11.162  6.184 902.5
11.163  6.184 903.0
11.163  6.184 903.5
11.164  6.185 904.0
11.164  6.185 904.5
11.165  6.186 905.0
11.165  6.186 905.5
11.166  6.186 906.0
11.166  6.186 906.5
11.167  6.187 907.0
11.167  6.187 907.5
11.168  6.187 908.0
11.168  6.187 908.5
11.169  6.188 909.0
11.169  6.188 909.5
11.170  6.188 910.0
11.170  6.188 910.5
11.171  6.189 911.0
11.171  6.189 911.5
11.172  6.189 912.0
11.172  6.189 912.5
11.173  6.190 913.0
11.173  6.190 913.5
11.174  6.191 914.0
11.174  6.191 914.5
11.175  6.191 915.0
11.175  6.191 915.5
11.176  6.192 916.0
11.176  6.192 916.5
11.177  6.192 917.0
11.177  6.192 917.5
11.178  6.193 918.0
11.178  6.193 918.5
11.179  6.193 919.0
11.179  6.193 919.5
11.179  6.193 920.0
11.180  6.194 920.5
11.180  6.194 921.0
11.180  6.194 921.5
11.181  6.194 922.0
11.181  6.194 922.5
11.182  6.195 923.0
11.182  6.195 923.5
11.182  6.195 924.0
11.183  6.196 924.5
11.183  6.196 925.0
11.184  6.196 925.5
11.184  6.196 926.0
11.185  6.197 926.5
11.185  6.197 927.0
11.186  6.197 927.5
11.186  6.197 928.0
11.187  6.198 928.5
11.187  6.198 929.0
11.188  6.198 929.5
11.188  6.198 930.0
11.189  6.199 930.5
11.189  6.199 931.0
11.190  6.199 931.5
11.190  6.199 932.0
11.191  6.200 932.5
11.191  6.200 933.0
11.192  6.201 933.5
11.193  6.201 934.0
11.193  6.201 934.5
11.194  6.202 935.0
11.194  6.202 935.5
11.195  6.202 936.0
11.195  6.202 936.5
11.196  6.203 937.0
11.197  6.203 937.5
11.197  6.203 938.0
11.198  6.204 938.5
11.198  6.204 939.0
11.199  6.204 939.5
