     0.000  4.4700  1.0000
     0.500  4.5412  1.5000
     1.000  4.6125  2.0000
     1.500  4.6838  2.5000
     2.000  4.7550  3.0000
     2.500  4.9838  3.5000
     3.000  5.2125  4.0000
     3.500  5.4412  4.5000
     4.000  5.6700  5.0000
     4.500  5.8948  5.5000
     5.000  6.1195  6.0000
     5.500  6.3442  6.5000
     6.000  6.5690  7.0000
     6.500  6.6690 12.7500
     7.000  6.7690 18.5000
     7.500  6.8690 24.2500
     8.000  6.9690 30.0000
     8.500  6.9690 30.0000
     9.000  6.9690 30.0000
     9.500  6.9690 30.0000
    10.000  6.9690 30.0000
    10.500  6.9690 30.0000
    11.000  6.9690 30.0000
    11.500  6.9690 30.0000
    12.000  6.9690 30.0000
    12.500  6.9690 30.0000
    13.000  6.9690 30.0000
    13.500  6.9690 30.0000
    14.000  6.9690 30.0000
    14.500  6.9690 30.0000
    15.000  6.9690 30.0000
    15.500  6.9690 30.0000
    16.000  6.9690 30.0000
    16.500  6.9690 30.0000
    17.000  6.9690 30.0000
    17.500  6.9690 30.0000
    18.000  6.9690 30.0000
    18.500  6.9690 30.0000
    19.000  6.9690 30.0000
    19.500  6.9690 30.0000
    20.000  6.9690 30.0000
    20.500  6.9690 30.0000
    21.000  6.9690 30.0000
    21.500  6.9690 30.0000
    22.000  6.9690 30.0000
    22.500  6.9690 30.0000
    23.000  6.9690 30.0000
    23.500  6.9690 30.0000
    24.000  6.9690 30.0000
    24.500  6.9690 30.0000
    25.000  6.9690 30.0000
    25.500  6.9690 30.0000
    26.000  6.9690 30.0000
    26.500  6.9690 30.0000
    27.000  6.9690 30.0000
    27.500  6.9690 30.0000
    28.000  6.9690 30.0000
    28.500  6.9690 30.0000
    29.000  6.9690 30.0000
    29.500  6.9690 30.0000
    30.000  6.9690 30.0000
    30.500  6.9690 30.0000
    31.000  6.9690 30.0000
    31.500  6.9690 30.0000
    32.000  6.9690 30.0000
    32.500  6.9690 30.0000
    33.000  6.9690 30.0000
    33.500  6.9690 30.0000
    34.000  6.9690 30.0000
