         1 2000 12 13 15  0  0.980  35.9690   -117.6712    4.450  1.0
         2 2000 12 13 15  0  0.970  36.0739   -117.8310    3.150  1.0
         3 2000 12 13 15  0  0.980  35.9023   -117.7185    6.200  1.0
         4 2000 12 13 15  0  0.980  35.9060   -117.7125    6.450  1.0
         5 2000 12 13 15  0  1.000  35.9087   -117.6940    6.510  1.0
         6 2000 12 13 15  0  1.050  35.6725   -117.5121    5.900  1.0
         7 2000 12 13 15  0  0.980  35.5505   -117.3059    6.220  1.0
         8 2000 12 13 15  0  1.000  36.0472   -117.8515    3.660  1.0
         9 2000 12 13 15  0  0.940  35.9519   -117.6869    4.630  1.0
        10 2000 12 13 15  0  1.040  35.5820   -117.6008    4.790  1.0
        11 2000 12 13 15  0  0.930  35.9439   -117.6713    4.760  1.0
        12 2000 12 13 15  0  1.140  35.5914   -117.6129    4.770  1.0
        13 2000 12 13 15  0  1.010  35.9160   -117.6710    4.350  1.0
        14 2000 12 13 15  0  0.940  35.6750   -117.4712    4.830  1.0
        15 2000 12 13 15  0  0.920  35.7167   -117.4937    5.030  1.0
        16 2000 12 13 15  0  1.010  35.6774   -117.4868    3.510  1.0
        17 2000 12 13 15  0  0.970  35.8771   -117.6913    8.570  1.0
        18 2000 12 13 15  0  1.120  35.6581   -117.5365    8.380  1.0
        19 2000 12 13 15  0  1.020  35.6336   -117.4199    5.710  1.0
        20 2000 12 13 15  0  0.970  35.8965   -117.6855    5.960  1.0
        21 2000 12 13 15  0  0.910  35.5917   -117.4032    4.190  1.0
        22 2000 12 13 15  0  1.100  35.5841   -117.5775    6.040  1.0
        23 2000 12 13 15  0  1.000  35.7047   -117.5001    5.960  1.0
        24 2000 12 13 15  0  0.940  35.9297   -117.7053    6.710  1.0
        25 2000 12 13 15  0  1.020  35.8917   -117.6767    7.600  1.0
        26 2000 12 13 15  0  1.030  35.6559   -117.4472    6.360  1.0
        27 2000 12 13 15  0  0.970  35.6093   -117.5841    4.470  1.0
        28 2000 12 13 15  0  1.040  35.8852   -117.7018    5.820  1.0
        29 2000 12 13 15  0  1.010  35.8801   -117.6940    6.550  1.0
        30 2000 12 13 15  0  0.860  35.5750   -117.6019    3.000  1.0
        31 2000 12 13 15  0  0.980  35.6671   -117.4855    4.160  1.0
        32 2000 12 13 15  0  0.960  35.6844   -117.4802    4.850  1.0
        33 2000 12 13 15  0  0.900  35.9663   -117.6933    4.710  1.0
        34 2000 12 13 15  0  1.010  35.7275   -117.5410    5.520  1.0
        35 2000 12 13 15  0  1.080  35.8711   -117.6924    7.260  1.0
        36 2000 12 13 15  0  0.920  35.9098   -117.7438    9.250  1.0
        37 2000 12 13 15  0  1.090  35.7097   -117.5751    6.520  1.0
        38 2000 12 13 15  0  1.040  35.6565   -117.4903    4.700  1.0
        39 2000 12 13 15  0  1.050  35.7543   -117.5636    6.980  1.0
        40 2000 12 13 15  0  0.940  35.9227   -117.7098    5.220  1.0
        41 2000 12 13 15  0  1.090  35.8889   -117.6987    5.780  1.0
        42 2000 12 13 15  0  0.930  35.6848   -117.4916    0.720  1.0
        43 2000 12 13 15  0  0.920  35.8834   -117.6977    9.000  1.0
        44 2000 12 13 15  0  0.930  35.9478   -117.6839    4.920  1.0
        45 2000 12 13 15  0  0.980  35.6712   -117.4757    4.860  1.0
        46 2000 12 13 15  0  1.050  35.6067   -117.5704    4.310  1.0
        47 2000 12 13 15  0  1.020  35.8746   -117.6758    8.370  1.0
        48 2000 12 13 15  0  0.890  35.7330   -117.5258    3.320  1.0
        49 2000 12 13 15  0  1.110  35.9251   -117.7018    4.280  1.0
        50 2000 12 13 15  0  0.740  35.6032   -117.6025    1.380  1.0
        51 2000 12 13 15  0  0.990  35.9972   -117.6625    4.780  1.0
        52 2000 12 13 15  0  0.920  35.6650   -117.4977    5.270  1.0
        53 2000 12 13 15  0  0.910  35.9523   -117.6904    4.410  1.0
        54 2000 12 13 15  0  1.030  35.7043   -117.5374    5.920  1.0
        55 2000 12 13 15  0  0.920  35.9572   -117.6878    4.780  1.0
        56 2000 12 13 15  0  0.850  35.7508   -117.5178    4.680  1.0
        57 2000 12 13 15  0  0.910  35.9900   -117.6712    3.480  1.0
        58 2000 12 13 15  0  0.970  35.7650   -117.5744    9.190  1.0
        59 2000 12 13 15  0  1.050  35.9356   -117.6931    7.200  1.0
        60 2000 12 13 15  0  1.070  35.8803   -117.6889    5.630  1.0
        61 2000 12 13 15  0  1.000  35.9049   -117.7217    7.410  1.0
        62 2000 12 13 15  0  1.020  35.6340   -117.4294    2.820  1.0
        63 2000 12 13 15  0  1.000  35.8804   -117.6616    9.190  1.0
        64 2000 12 13 15  0  1.120  35.6198   -117.5894    5.860  1.0
        65 2000 12 13 15  0  1.010  36.0534   -117.8329    3.380  1.0
        66 2000 12 13 15  0  0.910  35.6077   -117.5952    3.750  1.0
        67 2000 12 13 15  0  0.980  35.6565   -117.4479    2.680  1.0
        68 2000 12 13 15  0  1.010  35.9261   -117.7017    5.500  1.0
        69 2000 12 13 15  0  1.000  35.6457   -117.4375    4.600  1.0
        70 2000 12 13 15  0  1.030  35.7213   -117.5195    5.760  1.0
        71 2000 12 13 15  0  0.920  35.7220   -117.5179    4.710  1.0
        72 2000 12 13 15  0  1.050  35.6694   -117.5146    6.570  1.0
        73 2000 12 13 15  0  1.010  35.9206   -117.6811    4.540  1.0
        74 2000 12 13 15  0  0.960  35.9311   -117.7207    4.690  1.0
        75 2000 12 13 15  0  0.920  35.7427   -117.5511    2.950  1.0
        76 2000 12 13 15  0  1.100  35.5899   -117.4248    4.090  1.0
        77 2000 12 13 15  0  0.880  35.9579   -117.6791    4.320  1.0
        78 2000 12 13 15  0  0.950  35.9197   -117.7083    7.200  1.0
        79 2000 12 13 15  0  0.940  35.9097   -117.6687    4.930  1.0
        80 2000 12 13 15  0  1.050  35.6490   -117.4606    4.600  1.0
        81 2000 12 13 15  0  1.040  35.6360   -117.4283    5.320  1.0
        82 2000 12 13 15  0  1.040  35.6046   -117.4111    4.890  1.0
        83 2000 12 13 15  0  0.940  35.6677   -117.4826    2.630  1.0
        84 2000 12 13 15  0  0.960  35.6768   -117.4610    4.150  1.0
        85 2000 12 13 15  0  1.050  35.8766   -117.6986    5.710  1.0
        86 2000 12 13 15  0  0.950  35.6722   -117.4720    4.580  1.0
        87 2000 12 13 15  0  0.910  35.7158   -117.5314    3.700  1.0
        88 2000 12 13 15  0  0.960  35.9053   -117.6831    5.530  1.0
        89 2000 12 13 15  0  1.060  35.8855   -117.7077    5.840  1.0
        90 2000 12 13 15  0  1.030  35.6293   -117.4273    4.280  1.0
        91 2000 12 13 15  0  0.960  35.9086   -117.6778    4.980  1.0
        92 2000 12 13 15  0  0.890  35.6750   -117.4846    1.600  1.0
        93 2000 12 13 15  0  0.880  35.9520   -117.6881    4.210  1.0
        94 2000 12 13 15  0  0.950  35.6526   -117.4484    2.490  1.0
        95 2000 12 13 15  0  1.020  35.9034   -117.7001    7.060  1.0
        96 2000 12 13 15  0  0.840  35.7199   -117.4770    3.450  1.0
        97 2000 12 13 15  0  0.910  35.6763   -117.4680    2.280  1.0
        98 2000 12 13 15  0  0.950  35.8932   -117.6833    7.820  1.0
        99 2000 12 13 15  0  0.890  35.9441   -117.7018    5.320  1.0
       100 2000 12 13 15  0  1.060  35.6482   -117.4416    3.530  1.0
       101 2000 12 13 15  0  1.090  36.0202   -117.8361    4.380  1.0
       102 2000 12 13 15  0  1.090  35.7821   -117.5551    8.640  1.0
       103 2000 12 13 15  0  0.990  35.8992   -117.7092    5.800  1.0
       104 2000 12 13 15  0  1.170  35.9705   -117.6721    2.330  1.0
       105 2000 12 13 15  0  1.090  35.6826   -117.5430    6.710  1.0
       106 2000 12 13 15  0  1.000  35.8998   -117.6777    6.720  1.0
       107 2000 12 13 15  0  0.990  35.9261   -117.7211    5.140  1.0
       108 2000 12 13 15  0  1.030  35.6455   -117.4649    5.230  1.0
       109 2000 12 13 15  0  0.850  35.7330   -117.5135    4.190  1.0
       110 2000 12 13 15  0  1.090  35.5924   -117.4135    6.050  1.0
       111 2000 12 13 15  0  0.940  35.9375   -117.7012    5.240  1.0
       112 2000 12 13 15  0  1.050  35.7015   -117.5867    6.540  1.0
       113 2000 12 13 15  0  1.000  35.7223   -117.5278    5.890  1.0
       114 2000 12 13 15  0  0.940  35.9199   -117.6888    5.380  1.0
       115 2000 12 13 15  0  1.220  35.6072   -117.4227    4.530  1.0
       116 2000 12 13 15  0  1.010  35.8927   -117.6821    7.660  1.0
       117 2000 12 13 15  0  1.190  35.8279   -117.6309    6.200  1.0
       118 2000 12 13 15  0  1.080  35.6901   -117.5086    6.730  1.0
       119 2000 12 13 15  0  0.930  35.5659   -117.6148    3.060  1.0
       120 2000 12 13 15  0  0.870  35.7134   -117.4857    4.990  1.0
       121 2000 12 13 15  0  1.090  35.7233   -117.5560    6.270  1.0
       122 2000 12 13 15  0  0.970  35.6736   -117.4811    4.170  1.0
       123 2000 12 13 15  0  1.090  35.7052   -117.5215    9.080  1.0
       124 2000 12 13 15  0  1.070  35.7217   -117.5410    5.860  1.0
       125 2000 12 13 15  0  0.960  35.8989   -117.6763    5.640  1.0
       126 2000 12 13 15  0  1.090  35.6015   -117.4227    3.280  1.0
       127 2000 12 13 15  0  0.980  35.8909   -117.6758    9.800  1.0
       128 2000 12 13 15  0  1.030  35.9332   -117.6707    3.720  1.0
       129 2000 12 13 15  0  0.960  35.7238   -117.5209    5.870  1.0
       130 2000 12 13 15  0  1.070  35.5607   -117.3136    5.520  1.0
       131 2000 12 13 15  0  0.880  35.7154   -117.4979    3.390  1.0
       132 2000 12 13 15  0  0.940  35.8983   -117.7233    9.330  1.0
       133 2000 12 13 15  0  0.930  35.6284   -117.4103    3.830  1.0
       134 2000 12 13 15  0  1.020  36.0571   -117.8382    3.010  1.0
       135 2000 12 13 15  0  1.080  35.6245   -117.4383    5.770  1.0
       136 2000 12 13 15  0  1.080  35.5668   -117.5878    5.080  1.0
       137 2000 12 13 15  0  0.910  35.5974   -117.4033    6.760  1.0
       138 2000 12 13 15  0  1.170  35.8337   -117.6481    6.450  1.0
       139 2000 12 13 15  0  1.060  35.6241   -117.4193    6.330  1.0
       140 2000 12 13 15  0  0.950  35.8864   -117.6868    10.410  1.0
       141 2000 12 13 15  0  0.990  35.7215   -117.5480    5.360  1.0
       142 2000 12 13 15  0  0.960  35.6536   -117.4644    2.120  1.0
       143 2000 12 13 15  0  1.050  35.7040   -117.5871    8.120  1.0
       144 2000 12 13 15  0  0.980  35.9120   -117.7044    8.300  1.0
       145 2000 12 13 15  0  1.070  35.7136   -117.5672    7.190  1.0
       146 2000 12 13 15  0  0.990  35.9268   -117.7231    5.160  1.0
       147 2000 12 13 15  0  1.030  35.6108   -117.4621    4.310  1.0
       148 2000 12 13 15  0  0.960  35.9010   -117.7005    7.670  1.0
       149 2000 12 13 15  0  0.950  35.6728   -117.4845    3.480  1.0
       150 2000 12 13 15  0  1.000  35.9073   -117.6766    5.100  1.0
       151 2000 12 13 15  0  0.890  35.9031   -117.6660    4.700  1.0
       152 2000 12 13 15  0  0.900  35.9477   -117.6925    4.610  1.0
       153 2000 12 13 15  0  0.950  35.8993   -117.6760    6.710  1.0
       154 2000 12 13 15  0  0.970  35.9328   -117.7050    4.770  1.0
       155 2000 12 13 15  0  0.980  35.9302   -117.7217    6.510  1.0
       156 2000 12 13 15  0  0.890  35.5775   -117.6219    3.150  1.0
       157 2000 12 13 15  0  1.140  35.6017   -117.4210    5.200  1.0
       158 2000 12 13 15  0  1.080  35.6365   -117.4237    3.410  1.0
       159 2000 12 13 15  0  1.060  35.8826   -117.7113    4.530  1.0
       160 2000 12 13 15  0  0.840  35.7500   -117.5164    3.680  1.0
       161 2000 12 13 15  0  1.070  35.6833   -117.5300    9.340  1.0
       162 2000 12 13 15  0  0.940  35.6737   -117.4847    3.160  1.0
       163 2000 12 13 15  0  0.920  35.9692   -117.7112    4.520  1.0
       164 2000 12 13 15  0  0.970  35.9092   -117.7427    7.850  1.0
       165 2000 12 13 15  0  1.160  35.9279   -117.7042    4.370  1.0
       166 2000 12 13 15  0  1.030  35.7584   -117.5541    7.760  1.0
       167 2000 12 13 15  0  1.030  36.0607   -117.8392    3.320  1.0
       168 2000 12 13 15  0  1.280  36.0668   -117.8448    10.610  1.0
       169 2000 12 13 15  0  1.000  35.7251   -117.5249    4.910  1.0
       170 2000 12 13 15  0  0.950  35.5752   -117.6171    3.800  1.0
       171 2000 12 13 15  0  0.960  35.6788   -117.4763    1.100  1.0
       172 2000 12 13 15  0  1.000  35.9161   -117.7047    4.880  1.0
       173 2000 12 13 15  0  1.000  35.6755   -117.4810    0.150  1.0
       174 2000 12 13 15  0  1.160  35.6702   -117.5191    7.540  1.0
       175 2000 12 13 15  0  0.980  35.7322   -117.5287    5.690  1.0
       176 2000 12 13 15  0  0.990  35.7575   -117.5705    5.910  1.0
       177 2000 12 13 15  0  0.950  35.9221   -117.6889    5.600  1.0
       178 2000 12 13 15  0  1.040  35.6631   -117.4862    3.610  1.0
       179 2000 12 13 15  0  0.960  35.9662   -117.6943    4.840  1.0
       180 2000 12 13 15  0  1.080  35.5932   -117.4203    5.630  1.0
       181 2000 12 13 15  0  1.050  35.9127   -117.7416    6.760  1.0
       182 2000 12 13 15  0  0.970  35.9380   -117.7114    6.510  1.0
       183 2000 12 13 15  0  0.980  35.6962   -117.5011    5.450  1.0
       184 2000 12 13 15  0  0.850  35.9753   -117.6589    3.920  1.0
       185 2000 12 13 15  0  0.940  35.9382   -117.6771    4.770  1.0
       186 2000 12 13 15  0  0.970  35.8896   -117.6854    8.130  1.0
       187 2000 12 13 15  0  0.930  35.9534   -117.6891    4.370  1.0
       188 2000 12 13 15  0  0.950  35.9425   -117.6947    4.830  1.0
       189 2000 12 13 15  0  1.000  35.9199   -117.7358    7.150  1.0
       190 2000 12 13 15  0  0.990  35.7211   -117.5489    5.340  1.0
       191 2000 12 13 15  0  0.910  35.6049   -117.5775    3.500  1.0
       192 2000 12 13 15  0  1.040  35.9018   -117.6799    6.050  1.0
       193 2000 12 13 15  0  0.990  35.8825   -117.6874    7.330  1.0
       194 2000 12 13 15  0  0.910  35.9763   -117.6559    4.890  1.0
       195 2000 12 13 15  0  1.080  35.6846   -117.5112    6.470  1.0
       196 2000 12 13 15  0  1.020  35.6716   -117.4604    6.200  1.0
       197 2000 12 13 15  0  1.050  35.6316   -117.4715    4.880  1.0
       198 2000 12 13 15  0  1.090  35.6734   -117.5080    6.580  1.0
       199 2000 12 13 15  0  1.000  35.8943   -117.6781    7.970  1.0
       200 2000 12 13 15  0  0.970  36.0512   -117.8460    3.380  1.0
       201 2000 12 13 15  0  0.960  35.6592   -117.4832    2.500  1.0
       202 2000 12 13 15  0  0.970  35.6603   -117.4990    3.750  1.0
       203 2000 12 13 15  0  0.990  35.9014   -117.6743    5.500  1.0
       204 2000 12 13 15  0  0.880  35.7063   -117.4951    4.110  1.0
       205 2000 12 13 15  0  0.960  35.9115   -117.7219    5.410  1.0
       206 2000 12 13 15  0  0.990  35.9000   -117.6726    4.930  1.0
       207 2000 12 13 15  0  0.830  35.9813   -117.6606    3.520  1.0
       208 2000 12 13 15  0  1.030  35.7568   -117.5668    5.950  1.0
       209 2000 12 13 15  0  1.030  35.9278   -117.7140    4.660  1.0
       210 2000 12 13 15  0  1.050  35.9254   -117.7169    5.400  1.0
       211 2000 12 13 15  0  1.000  35.7255   -117.5433    5.420  1.0
       212 2000 12 13 15  0  0.880  35.9737   -117.6602    3.650  1.0
       213 2000 12 13 15  0  0.960  35.9211   -117.7148    4.350  1.0
       214 2000 12 13 15  0  0.910  35.5942   -117.6050    3.780  1.0
       215 2000 12 13 15  0  1.010  35.5780   -117.5924    3.410  1.0
       216 2000 12 13 15  0  0.930  35.9679   -117.6975    4.580  1.0
       217 2000 12 13 15  0  1.050  36.0530   -117.8308    3.290  1.0
       218 2000 12 13 15  0  0.930  35.9359   -117.6969    4.700  1.0
       219 2000 12 13 15  0  0.990  35.7195   -117.5426    4.160  1.0
       220 2000 12 13 15  0  0.960  35.6579   -117.4898    3.440  1.0
       221 2000 12 13 15  0  0.930  35.9566   -117.6799    4.020  1.0
       222 2000 12 13 15  0  0.950  35.9116   -117.7393    8.810  1.0
       223 2000 12 13 15  0  1.040  35.9105   -117.6744    4.160  1.0
       224 2000 12 13 15  0  0.880  36.0641   -117.8301    2.650  1.0
       225 2000 12 13 15  0  1.000  36.0619   -117.8343    3.370  1.0
       226 2000 12 13 15  0  1.090  35.6833   -117.5293    6.180  1.0
       227 2000 12 13 15  0  0.980  35.8863   -117.6916    7.550  1.0
       228 2000 12 13 15  0  0.970  35.9186   -117.7168    5.780  1.0
       229 2000 12 13 15  0  0.970  36.0499   -117.8336    3.190  1.0
       230 2000 12 13 15  0  0.990  35.9275   -117.7049    6.550  1.0
       231 2000 12 13 15  0  1.060  35.6100   -117.4708    4.470  1.0
       232 2000 12 13 15  0  1.140  35.5850   -117.3612    5.890  1.0
       233 2000 12 13 15  0  0.970  35.5741   -117.6238    4.390  1.0
       234 2000 12 13 15  0  0.960  35.9076   -117.6895    8.300  1.0
       235 2000 12 13 15  0  0.870  35.6910   -117.4858    0.500  1.0
       236 2000 12 13 15  0  1.000  35.6057   -117.5811    4.170  1.0
       237 2000 12 13 15  0  1.000  35.6105   -117.4362    6.020  1.0
       238 2000 12 13 15  0  0.910  35.8738   -117.7018    10.470  1.0
       239 2000 12 13 15  0  1.080  35.8948   -117.6638    4.190  1.0
       240 2000 12 13 15  0  1.110  35.6736   -117.5253    6.840  1.0
       241 2000 12 13 15  0  1.010  35.7782   -117.5700    6.550  1.0
       242 2000 12 13 15  0  0.960  35.9924   -117.6616    3.170  1.0
       243 2000 12 13 15  0  1.010  35.6378   -117.4409    5.130  1.0
       244 2000 12 13 15  0  1.010  35.9668   -117.6946    4.750  1.0
       245 2000 12 13 15  0  0.940  35.9683   -117.7068    4.600  1.0
       246 2000 12 13 15  0  0.930  35.9239   -117.7008    5.140  1.0
       247 2000 12 13 15  0  0.880  35.9734   -117.6533    3.670  1.0
       248 2000 12 13 15  0  0.900  35.9324   -117.6932    5.070  1.0
       249 2000 12 13 15  0  1.130  35.6841   -117.5128    6.560  1.0
       250 2000 12 13 15  0  0.920  35.6717   -117.4803    4.370  1.0
       251 2000 12 13 15  0  1.020  35.7000   -117.5310    6.410  1.0
       252 2000 12 13 15  0  1.010  35.8981   -117.7230    7.420  1.0
       253 2000 12 13 15  0  1.000  35.6895   -117.4637    6.480  1.0
       254 2000 12 13 15  0  0.940  35.6797   -117.4739    4.160  1.0
       255 2000 12 13 15  0  1.000  35.5959   -117.3999    8.180  1.0
       256 2000 12 13 15  0  0.940  35.9455   -117.6711    4.930  1.0
       257 2000 12 13 15  0  0.970  35.6844   -117.4936    2.240  1.0
       258 2000 12 13 15  0  0.900  35.7469   -117.5533    2.300  1.0
       259 2000 12 13 15  0  0.900  35.7401   -117.5261    5.140  1.0
       260 2000 12 13 15  0  0.940  35.9121   -117.6669    4.880  1.0
       261 2000 12 13 15  0  1.020  35.9308   -117.7217    5.060  1.0
       262 2000 12 13 15  0  1.040  35.6188   -117.4106    4.350  1.0
       263 2000 12 13 15  0  0.960  35.9237   -117.7297    7.300  1.0
       264 2000 12 13 15  0  0.970  35.8898   -117.7040    5.180  1.0
       265 2000 12 13 15  0  1.060  35.6060   -117.4139    5.630  1.0
       266 2000 12 13 15  0  0.900  35.7080   -117.5014    4.900  1.0
       267 2000 12 13 15  0  1.000  36.0615   -117.8422    3.560  1.0
       268 2000 12 13 15  0  0.980  35.7366   -117.5363    5.960  1.0
       269 2000 12 13 15  0  1.060  35.6320   -117.4259    4.240  1.0
       270 2000 12 13 15  0  0.890  35.9325   -117.7206    3.800  1.0
       271 2000 12 13 15  0  0.980  35.6487   -117.4286    3.690  1.0
       272 2000 12 13 15  0  1.050  35.6840   -117.5217    6.670  1.0
       273 2000 12 13 15  0  1.000  35.6634   -117.4791    5.570  1.0
       274 2000 12 13 15  0  0.970  35.6580   -117.4597    1.060  1.0
       275 2000 12 13 15  0  0.980  35.6481   -117.4452    2.780  1.0
       276 2000 12 13 15  0  0.980  35.9335   -117.7051    4.460  1.0
       277 2000 12 13 15  0  0.890  35.9750   -117.6589    4.040  1.0
       278 2000 12 13 15  0  0.990  35.6165   -117.4132    4.380  1.0
       279 2000 12 13 15  0  0.940  35.9672   -117.6921    4.980  1.0
       280 2000 12 13 15  0  0.980  35.8875   -117.6734    5.840  1.0
       281 2000 12 13 15  0  0.990  35.6568   -117.4543    5.100  1.0
       282 2000 12 13 15  0  1.010  35.5800   -117.6171    4.620  1.0
       283 2000 12 13 15  0  1.230  35.6168   -117.4458    5.300  1.0
       284 2000 12 13 15  0  1.050  35.5916   -117.4229    4.930  1.0
       285 2000 12 13 15  0  0.960  35.7405   -117.5561    4.050  1.0
       286 2000 12 13 15  0  0.970  35.9940   -117.6651    1.870  1.0
       287 2000 12 13 15  0  0.920  35.8924   -117.6629    8.790  1.0
       288 2000 12 13 15  0  0.980  35.9071   -117.7117    6.320  1.0
       289 2000 12 13 15  0  0.870  35.9676   -117.6923    5.190  1.0
       290 2000 12 13 15  0  0.830  35.7202   -117.4861    3.700  1.0
       291 2000 12 13 15  0  1.030  35.6388   -117.4243    4.330  1.0
       292 2000 12 13 15  0  0.860  35.6865   -117.4780    0.820  1.0
       293 2000 12 13 15  0  0.920  35.9240   -117.6804    5.100  1.0
       294 2000 12 13 15  0  0.970  35.9078   -117.6941    6.940  1.0
       295 2000 12 13 15  0  0.870  35.9351   -117.6988    3.530  1.0
       296 2000 12 13 15  0  1.080  35.7019   -117.5279    6.760  1.0
       297 2000 12 13 15  0  0.930  35.9312   -117.6923    4.850  1.0
       298 2000 12 13 15  0  1.040  35.6897   -117.5230    5.860  1.0
       299 2000 12 13 15  0  0.850  35.7212   -117.5086    3.190  1.0
       300 2000 12 13 15  0  1.100  35.7021   -117.5292    7.600  1.0
       301 2000 12 13 15  0  0.970  35.7096   -117.5718    5.170  1.0
       302 2000 12 13 15  0  1.050  35.6338   -117.4175    5.090  1.0
       303 2000 12 13 15  0  1.050  35.7659   -117.5613    6.970  1.0
       304 2000 12 13 15  0  0.890  35.9887   -117.6645    3.610  1.0
       305 2000 12 13 15  0  1.020  35.8951   -117.6739    5.670  1.0
       306 2000 12 13 15  0  0.970  35.6448   -117.4402    3.450  1.0
       307 2000 12 13 15  0  0.910  35.9247   -117.6875    5.220  1.0
       308 2000 12 13 15  0  0.930  35.9233   -117.6729    5.230  1.0
       309 2000 12 13 15  0  1.000  35.6595   -117.4932    5.690  1.0
       310 2000 12 13 15  0  0.990  35.6171   -117.4129    5.630  1.0
       311 2000 12 13 15  0  0.960  35.6023   -117.5869    2.970  1.0
       312 2000 12 13 15  0  0.930  35.5950   -117.5974    3.830  1.0
       313 2000 12 13 15  0  1.070  35.6032   -117.3900    7.460  1.0
       314 2000 12 13 15  0  1.090  35.6349   -117.4237    2.870  1.0
       315 2000 12 13 15  0  0.820  35.7184   -117.4967    3.260  1.0
       316 2000 12 13 15  0  0.890  35.7367   -117.5265    4.520  1.0
       317 2000 12 13 15  0  0.830  36.0639   -117.8428    2.820  1.0
       318 2000 12 13 15  0  0.960  35.9500   -117.6973    4.970  1.0
       319 2000 12 13 15  0  0.980  35.9368   -117.6990    4.310  1.0
       320 2000 12 13 15  0  0.960  35.8977   -117.7224    6.890  1.0
       321 2000 12 13 15  0  0.930  35.9463   -117.6897    5.130  1.0
       322 2000 12 13 15  0  0.990  35.5988   -117.5883    3.530  1.0
       323 2000 12 13 15  0  0.930  35.7098   -117.5409    4.660  1.0
       324 2000 12 13 15  0  0.950  35.6721   -117.4774    3.710  1.0
       325 2000 12 13 15  0  1.210  35.6234   -117.5949    6.340  1.0
       326 2000 12 13 15  0  0.940  35.9984   -117.6538    5.380  1.0
       327 2000 12 13 15  0  1.020  35.7660   -117.5605    5.800  1.0
       328 2000 12 13 15  0  0.960  35.7540   -117.5640    5.870  1.0
       329 2000 12 13 15  0  0.970  35.9181   -117.7164    6.650  1.0
       330 2000 12 13 15  0  1.020  35.9059   -117.7081    8.160  1.0
       331 2000 12 13 15  0  0.990  35.6697   -117.4768    1.580  1.0
       332 2000 12 13 15  0  0.990  35.9111   -117.6894    5.140  1.0
       333 2000 12 13 15  0  0.990  35.8937   -117.6750    5.490  1.0
       334 2000 12 13 15  0  1.080  35.6092   -117.4177    7.920  1.0
       335 2000 12 13 15  0  0.930  35.9340   -117.7061    4.620  1.0
       336 2000 12 13 15  0  1.110  35.6322   -117.4387    6.050  1.0
       337 2000 12 13 15  0  1.000  35.6451   -117.4293    5.130  1.0
       338 2000 12 13 15  0  0.950  35.9003   -117.6971    7.480  1.0
       339 2000 12 13 15  0  1.060  35.7326   -117.5658    6.350  1.0
       340 2000 12 13 15  0  1.030  35.6342   -117.4286    4.110  1.0
       341 2000 12 13 15  0  0.980  35.8900   -117.7134    4.980  1.0
       342 2000 12 13 15  0  1.000  35.9056   -117.7295    8.150  1.0
       343 2000 12 13 15  0  1.020  35.8624   -117.6653    8.160  1.0
       344 2000 12 13 15  0  0.940  35.6831   -117.4941    3.150  1.0
       345 2000 12 13 15  0  1.050  35.6324   -117.4334    3.170  1.0
       346 2000 12 13 15  0  0.970  35.9096   -117.6864    4.880  1.0
       347 2000 12 13 15  0  1.090  35.6137   -117.5837    4.720  1.0
       348 2000 12 13 15  0  0.900  35.9579   -117.6739    3.550  1.0
       349 2000 12 13 15  0  1.010  36.0635   -117.8430    3.650  1.0
       350 2000 12 13 15  0  0.960  35.6587   -117.4844    5.140  1.0
       351 2000 12 13 15  0  0.940  35.9153   -117.6727    4.830  1.0
       352 2000 12 13 15  0  1.090  35.8971   -117.6813    4.190  1.0
       353 2000 12 13 15  0  1.010  35.6352   -117.4335    3.000  1.0
       354 2000 12 13 15  0  1.190  35.8471   -117.6604    5.190  1.0
       355 2000 12 13 15  0  1.030  35.9464   -117.6933    4.760  1.0
       356 2000 12 13 15  0  0.910  35.7502   -117.5431    4.650  1.0
       357 2000 12 13 15  0  1.090  35.6157   -117.4576    3.960  1.0
       358 2000 12 13 15  0  0.920  35.9786   -117.6702    3.570  1.0
       359 2000 12 13 15  0  0.940  35.9478   -117.6833    4.500  1.0
       360 2000 12 13 15  0  1.010  35.7189   -117.5513    5.470  1.0
       361 2000 12 13 15  0  1.140  35.8437   -117.6475    5.250  1.0
       362 2000 12 13 15  0  0.980  36.0559   -117.8533    3.480  1.0
       363 2000 12 13 15  0  0.990  36.0246   -117.8615    1.770  1.0
       364 2000 12 13 15  0  1.040  35.5774   -117.6192    4.430  1.0
       365 2000 12 13 15  0  1.030  35.6927   -117.5110    6.260  1.0
       366 2000 12 13 15  0  0.940  35.9820   -117.6727    3.890  1.0
       367 2000 12 13 15  0  1.030  35.9154   -117.6968    7.100  1.0
       368 2000 12 13 15  0  1.030  35.6095   -117.5805    5.730  1.0
       369 2000 12 13 15  0  0.920  35.9443   -117.6883    4.910  1.0
       370 2000 12 13 15  0  1.060  35.8392   -117.6540    7.830  1.0
       371 2000 12 13 15  0  1.060  35.6249   -117.4414    4.870  1.0
       372 2000 12 13 15  0  1.030  35.6528   -117.4535    4.430  1.0
       373 2000 12 13 15  0  0.990  35.6747   -117.4566    6.510  1.0
       374 2000 12 13 15  0  0.980  35.9394   -117.6942    3.770  1.0
       375 2000 12 13 15  0  0.900  35.6658   -117.4581    2.950  1.0
       376 2000 12 13 15  0  0.900  35.6807   -117.4661    1.870  1.0
       377 2000 12 13 15  0  1.010  35.8979   -117.7143    6.020  1.0
       378 2000 12 13 15  0  1.060  35.7038   -117.5799    8.300  1.0
       379 2000 12 13 15  0  1.030  36.0342   -117.8406    3.790  1.0
       380 2000 12 13 15  0  1.010  35.6421   -117.4644    4.430  1.0
       381 2000 12 13 15  0  1.030  35.9310   -117.7265    5.720  1.0
       382 2000 12 13 15  0  0.740  35.5661   -117.6308    3.370  1.0
       383 2000 12 13 15  0  1.050  35.5931   -117.3442    5.720  1.0
       384 2000 12 13 15  0  0.980  35.6651   -117.4492    1.870  1.0
       385 2000 12 13 15  0  1.040  35.8842   -117.7002    6.140  1.0
       386 2000 12 13 15  0  0.860  35.9558   -117.6845    3.890  1.0
       387 2000 12 13 15  0  0.930  35.9111   -117.6671    4.460  1.0
       388 2000 12 13 15  0  0.960  35.9078   -117.6637    6.140  1.0
       389 2000 12 13 15  0  0.970  35.9090   -117.6984    5.690  1.0
       390 2000 12 13 15  0  1.020  35.9211   -117.7296    5.800  1.0
       391 2000 12 13 15  0  1.100  35.6057   -117.4250    4.600  1.0
       392 2000 12 13 15  0  1.050  35.8967   -117.6786    5.970  1.0
       393 2000 12 13 15  0  1.060  35.6406   -117.4556    3.710  1.0
       394 2000 12 13 15  0  1.030  35.6335   -117.4472    5.390  1.0
       395 2000 12 13 15  0  0.920  35.9098   -117.6680    4.870  1.0
       396 2000 12 13 15  0  1.080  35.8810   -117.7058    4.690  1.0
       397 2000 12 13 15  0  1.070  35.6065   -117.4307    5.510  1.0
       398 2000 12 13 15  0  1.090  35.7052   -117.5195    7.350  1.0
       399 2000 12 13 15  0  0.960  35.9556   -117.6851    4.550  1.0
       400 2000 12 13 15  0  0.910  35.5979   -117.5936    4.430  1.0
       401 2000 12 13 15  0  1.020  35.8867   -117.6871    7.310  1.0
       402 2000 12 13 15  0  1.010  35.9184   -117.7450    5.790  1.0
       403 2000 12 13 15  0  1.090  35.6209   -117.4363    3.800  1.0
       404 2000 12 13 15  0  0.890  35.5991   -117.5977    3.320  1.0
       405 2000 12 13 15  0  1.000  35.9113   -117.6732    4.710  1.0
       406 2000 12 13 15  0  0.930  35.9594   -117.7151    4.340  1.0
       407 2000 12 13 15  0  0.930  35.9390   -117.6767    4.090  1.0
       408 2000 12 13 15  0  0.980  35.6487   -117.4541    2.560  1.0
       409 2000 12 13 15  0  1.150  35.6690   -117.5188    6.560  1.0
       410 2000 12 13 15  0  1.030  35.6397   -117.4321    4.680  1.0
       411 2000 12 13 15  0  1.140  35.8272   -117.6325    4.300  1.0
       412 2000 12 13 15  0  1.030  35.6455   -117.4432    3.720  1.0
       413 2000 12 13 15  0  1.000  35.6364   -117.4587    3.160  1.0
       414 2000 12 13 15  0  1.100  35.6944   -117.5248    7.270  1.0
       415 2000 12 13 15  0  0.910  35.9818   -117.6620    4.340  1.0
       416 2000 12 13 15  0  0.970  36.0477   -117.8383    2.960  1.0
       417 2000 12 13 15  0  0.960  35.9793   -117.6581    4.310  1.0
       418 2000 12 13 15  0  1.010  35.9925   -117.6634    4.050  1.0
       419 2000 12 13 15  0  1.050  35.6622   -117.5328    9.300  1.0
       420 2000 12 13 15  0  1.050  35.6084   -117.3846    6.880  1.0
       421 2000 12 13 15  0  1.020  35.6226   -117.4090    4.740  1.0
       422 2000 12 13 15  0  1.000  36.0537   -117.8460    2.990  1.0
       423 2000 12 13 15  0  1.100  35.5888   -117.4228    4.610  1.0
       424 2000 12 13 15  0  0.980  35.9011   -117.6773    5.830  1.0
       425 2000 12 13 15  0  1.050  35.9025   -117.6686    7.510  1.0
       426 2000 12 13 15  0  0.910  35.6826   -117.4860    0.930  1.0
       427 2000 12 13 15  0  0.950  35.6797   -117.4793    0.890  1.0
       428 2000 12 13 15  0  0.920  35.9718   -117.6954    4.970  1.0
       429 2000 12 13 15  0  0.960  35.9225   -117.6883    5.150  1.0
       430 2000 12 13 15  0  0.980  35.6846   -117.4813    1.420  1.0
       431 2000 12 13 15  0  1.030  35.7660   -117.5696    8.080  1.0
       432 2000 12 13 15  0  1.050  35.6350   -117.4352    4.690  1.0
       433 2000 12 13 15  0  1.070  35.6687   -117.5210    6.930  1.0
       434 2000 12 13 15  0  0.980  36.0453   -117.8598    2.910  1.0
       435 2000 12 13 15  0  0.920  35.9458   -117.6930    4.730  1.0
       436 2000 12 13 15  0  1.140  35.6764   -117.5117    6.160  1.0
       437 2000 12 13 15  0  1.020  35.9231   -117.7220    6.380  1.0
       438 2000 12 13 15  0  1.030  35.6280   -117.4281    5.580  1.0
       439 2000 12 13 15  0  1.020  35.6620   -117.4550    8.030  1.0
       440 2000 12 13 15  0  1.080  35.6107   -117.4618    5.060  1.0
       441 2000 12 13 15  0  0.930  35.9154   -117.7154    6.780  1.0
       442 2000 12 13 15  0  0.900  35.7776   -117.5419    5.070  1.0
       443 2000 12 13 15  0  0.890  35.9744   -117.6565    4.110  1.0
       444 2000 12 13 15  0  0.900  35.7136   -117.4978    4.580  1.0
       445 2000 12 13 15  0  0.930  35.7510   -117.5472    4.130  1.0
       446 2000 12 13 15  0  1.030  35.7062   -117.5003    8.840  1.0
       447 2000 12 13 15  0  0.950  35.9064   -117.6820    4.820  1.0
       448 2000 12 13 15  0  0.810  35.5776   -117.6200    2.400  1.0
       449 2000 12 13 15  0  1.280  35.5805   -117.3443    3.540  1.0
       450 2000 12 13 15  0  0.870  35.9741   -117.6539    4.130  1.0
       451 2000 12 13 15  0  1.030  35.5713   -117.5956    4.800  1.0
       452 2000 12 13 15  0  0.960  35.9286   -117.7076    6.190  1.0
       453 2000 12 13 15  0  0.950  35.6740   -117.4857    2.840  1.0
       454 2000 12 13 15  0  0.920  35.9231   -117.6805    5.060  1.0
       455 2000 12 13 15  0  1.120  35.8302   -117.6389    5.170  1.0
       456 2000 12 13 15  0  1.060  35.6707   -117.5249    9.140  1.0
       457 2000 12 13 15  0  0.990  35.6465   -117.4560    3.420  1.0
       458 2000 12 13 15  0  1.120  35.7096   -117.5723    7.040  1.0
       459 2000 12 13 15  0  1.040  35.6370   -117.4309    6.120  1.0
       460 2000 12 13 15  0  0.870  35.5779   -117.6190    3.030  1.0
       461 2000 12 13 15  0  1.050  35.6813   -117.5090    6.450  1.0
       462 2000 12 13 15  0  0.970  35.7758   -117.5584    5.920  1.0
       463 2000 12 13 15  0  1.070  35.7598   -117.5620    6.270  1.0
       464 2000 12 13 15  0  1.060  35.6038   -117.4020    7.490  1.0
       465 2000 12 13 15  0  0.890  35.9689   -117.7067    4.720  1.0
       466 2000 12 13 15  0  1.050  35.9032   -117.6940    7.640  1.0
       467 2000 12 13 15  0  1.070  35.7315   -117.5435    6.010  1.0
       468 2000 12 13 15  0  0.930  35.9134   -117.6715    4.370  1.0
       469 2000 12 13 15  0  1.020  35.8884   -117.6686    6.200  1.0
       470 2000 12 13 15  0  0.970  35.7782   -117.5585    5.710  1.0
       471 2000 12 13 15  0  1.010  35.5864   -117.6113    5.030  1.0
       472 2000 12 13 15  0  0.940  35.7030   -117.5078    5.150  1.0
       473 2000 12 13 15  0  1.120  35.5800   -117.3485    6.540  1.0
       474 2000 12 13 15  0  1.000  35.8988   -117.7063    7.080  1.0
       475 2000 12 13 15  0  0.870  35.6844   -117.4857    1.180  1.0
       476 2000 12 13 15  0  0.910  35.9291   -117.6871    5.100  1.0
       477 2000 12 13 15  0  1.020  35.6788   -117.4673    5.110  1.0
       478 2000 12 13 15  0  0.970  35.7534   -117.5555    9.470  1.0
       479 2000 12 13 15  0  1.090  36.0581   -117.8415    4.170  1.0
       480 2000 12 13 15  0  1.070  35.6592   -117.5204    8.320  1.0
       481 2000 12 13 15  0  1.000  36.0584   -117.8269    2.520  1.0
       482 2000 12 13 15  0  1.060  35.8870   -117.6633    9.220  1.0
       483 2000 12 13 15  0  0.950  35.9052   -117.6794    9.270  1.0
       484 2000 12 13 15  0  1.030  35.6492   -117.4403    3.140  1.0
       485 2000 12 13 15  0  1.010  35.6540   -117.4482    4.260  1.0
       486 2000 12 13 15  0  0.980  35.8870   -117.6756    5.800  1.0
       487 2000 12 13 15  0  1.100  35.8352   -117.6548    7.720  1.0
       488 2000 12 13 15  0  1.030  35.9001   -117.6697    4.280  1.0
       489 2000 12 13 15  0  0.920  35.5744   -117.6331    4.130  1.0
       490 2000 12 13 15  0  1.150  35.5742   -117.3470    4.290  1.0
       491 2000 12 13 15  0  0.990  35.9177   -117.7088    5.090  1.0
       492 2000 12 13 15  0  1.040  35.6902   -117.4926    5.390  1.0
       493 2000 12 13 15  0  0.980  35.9353   -117.7066    6.140  1.0
       494 2000 12 13 15  0  1.060  35.7056   -117.5777    6.710  1.0
       495 2000 12 13 15  0  0.870  35.9689   -117.6833    4.320  1.0
       496 2000 12 13 15  0  0.950  35.9025   -117.6998    8.200  1.0
       497 2000 12 13 15  0  0.990  35.6530   -117.4433    5.090  1.0
       498 2000 12 13 15  0  1.100  35.9461   -117.6983    7.250  1.0
       499 2000 12 13 15  0  1.040  35.6839   -117.5084    6.480  1.0
       500 2000 12 13 15  0  1.030  35.6257   -117.4315    7.110  1.0
       501 2000 12 13 15  0  1.020  35.6502   -117.4420    3.600  1.0
       502 2000 12 13 15  0  1.010  35.6958   -117.5149    5.530  1.0
       503 2000 12 13 15  0  1.100  35.6086   -117.4177    7.230  1.0
       504 2000 12 13 15  0  0.950  35.6606   -117.4400    4.380  1.0
       505 2000 12 13 15  0  0.970  35.9069   -117.6951    5.140  1.0
       506 2000 12 13 15  0  0.990  35.6725   -117.4779    3.610  1.0
       507 2000 12 13 15  0  0.950  35.9443   -117.6610    4.660  1.0
       508 2000 12 13 15  0  1.000  36.0648   -117.8311    3.090  1.0
       509 2000 12 13 15  0  0.720  35.5571   -117.3146    9.610  1.0
       510 2000 12 13 15  0  0.960  35.9872   -117.6624    4.230  1.0
       511 2000 12 13 15  0  0.960  35.8895   -117.6766    8.860  1.0
       512 2000 12 13 15  0  1.080  35.6104   -117.4108    4.540  1.0
       513 2000 12 13 15  0  0.980  35.6645   -117.4791    5.130  1.0
       514 2000 12 13 15  0  0.960  35.9356   -117.7090    5.350  1.0
       515 2000 12 13 15  0  1.000  35.8862   -117.6866    8.570  1.0
       516 2000 12 13 15  0  0.960  36.0644   -117.8380    2.930  1.0
       517 2000 12 13 15  0  1.090  35.9022   -117.7263    7.430  1.0
       518 2000 12 13 15  0  1.020  35.6768   -117.5149    6.420  1.0
       519 2000 12 13 15  0  0.990  35.9110   -117.6733    4.670  1.0
       520 2000 12 13 15  0  0.950  35.7242   -117.5423    4.700  1.0
       521 2000 12 13 15  0  0.870  35.9639   -117.6853    4.000  1.0
       522 2000 12 13 15  0  0.910  35.8950   -117.7007    10.440  1.0
       523 2000 12 13 15  0  0.900  35.9605   -117.6944    4.970  1.0
       524 2000 12 13 15  0  1.130  35.5935   -117.4148    5.620  1.0
       525 2000 12 13 15  0  1.060  35.7610   -117.5718    6.240  1.0
       526 2000 12 13 15  0  1.000  35.6959   -117.5099    5.230  1.0
       527 2000 12 13 15  0  1.030  35.6865   -117.5212    5.700  1.0
       528 2000 12 13 15  0  1.000  35.9140   -117.6884    5.800  1.0
       529 2000 12 13 15  0  1.060  35.8894   -117.6894    4.430  1.0
       530 2000 12 13 15  0  0.900  35.9694   -117.7001    4.280  1.0
       531 2000 12 13 15  0  0.960  35.9210   -117.7274    5.610  1.0
       532 2000 12 13 15  0  0.980  35.6802   -117.5080    4.860  1.0
       533 2000 12 13 15  0  1.010  36.0713   -117.8382    3.460  1.0
       534 2000 12 13 15  0  0.990  35.7148   -117.4965    4.550  1.0
       535 2000 12 13 15  0  0.950  36.0354   -117.8450    3.160  1.0
       536 2000 12 13 15  0  1.010  35.6554   -117.4386    5.780  1.0
       537 2000 12 13 15  0  1.080  35.7748   -117.5636    6.130  1.0
       538 2000 12 13 15  0  0.970  35.8719   -117.6657    8.740  1.0
       539 2000 12 13 15  0  0.980  35.9160   -117.7191    5.700  1.0
       540 2000 12 13 15  0  0.940  35.6304   -117.4220    3.650  1.0
       541 2000 12 13 15  0  0.990  35.9030   -117.7172    9.510  1.0
       542 2000 12 13 15  0  0.930  35.9434   -117.6972    5.110  1.0
       543 2000 12 13 15  0  0.960  35.6424   -117.4528    5.440  1.0
       544 2000 12 13 15  0  1.140  35.6979   -117.5301    8.660  1.0
       545 2000 12 13 15  0  1.100  35.5640   -117.3231    5.450  1.0
       546 2000 12 13 15  0  0.930  35.6898   -117.4692    5.550  1.0
       547 2000 12 13 15  0  1.020  35.9011   -117.7206    6.550  1.0
       548 2000 12 13 15  0  0.990  35.8943   -117.6895    8.620  1.0
       549 2000 12 13 15  0  0.930  35.7790   -117.5493    5.610  1.0
       550 2000 12 13 15  0  1.000  35.9302   -117.6992    4.520  1.0
       551 2000 12 13 15  0  0.980  36.0601   -117.8461    3.180  1.0
       552 2000 12 13 15  0  1.070  35.8842   -117.6860    7.930  1.0
       553 2000 12 13 15  0  0.840  35.7240   -117.5183    3.170  1.0
       554 2000 12 13 15  0  0.950  35.6741   -117.4722    3.500  1.0
       555 2000 12 13 15  0  1.040  35.9010   -117.7196    5.810  1.0
       556 2000 12 13 15  0  1.050  36.0466   -117.8596    2.930  1.0
       557 2000 12 13 15  0  1.030  35.6717   -117.5082    4.820  1.0
       558 2000 12 13 15  0  1.000  35.7223   -117.5597    5.930  1.0
       559 2000 12 13 15  0  0.910  35.9405   -117.6798    4.540  1.0
       560 2000 12 13 15  0  0.980  35.8974   -117.7288    6.470  1.0
       561 2000 12 13 15  0  0.990  35.7450   -117.5506    3.950  1.0
       562 2000 12 13 15  0  0.930  35.9273   -117.7028    5.290  1.0
       563 2000 12 13 15  0  1.070  36.0339   -117.8345    3.720  1.0
       564 2000 12 13 15  0  1.090  35.6302   -117.4512    5.150  1.0
       565 2000 12 13 15  0  0.930  35.8808   -117.6875    8.370  1.0
       566 2000 12 13 15  0  1.030  35.6544   -117.4475    3.400  1.0
       567 2000 12 13 15  0  1.040  35.6944   -117.5009    6.630  1.0
       568 2000 12 13 15  0  1.040  35.6882   -117.5053    7.520  1.0
       569 2000 12 13 15  0  0.930  35.9541   -117.6899    4.620  1.0
       570 2000 12 13 15  0  0.990  35.9325   -117.7063    4.540  1.0
       571 2000 12 13 15  0  1.000  35.9022   -117.7008    6.560  1.0
       572 2000 12 13 15  0  1.060  35.6916   -117.5247    7.700  1.0
       573 2000 12 13 15  0  0.970  35.8938   -117.6807    8.010  1.0
       574 2000 12 13 15  0  0.930  35.7132   -117.4950    5.420  1.0
       575 2000 12 13 15  0  1.110  36.0470   -117.8572    3.080  1.0
       576 2000 12 13 15  0  1.000  35.6066   -117.5810    4.890  1.0
       577 2000 12 13 15  0  1.010  35.6816   -117.5026    6.620  1.0
       578 2000 12 13 15  0  1.020  35.9088   -117.6761    5.180  1.0
       579 2000 12 13 15  0  1.170  35.8525   -117.6474    5.340  1.0
       580 2000 12 13 15  0  0.970  35.8962   -117.7256    8.360  1.0
       581 2000 12 13 15  0  1.020  35.6481   -117.4420    4.180  1.0
       582 2000 12 13 15  0  0.940  35.9170   -117.6867    5.550  1.0
       583 2000 12 13 15  0  1.070  35.6669   -117.5276    9.060  1.0
       584 2000 12 13 15  0  0.950  35.6577   -117.4507    1.330  1.0
       585 2000 12 13 15  0  0.880  35.9929   -117.6551    4.480  1.0
       586 2000 12 13 15  0  0.880  35.9893   -117.6625    4.310  1.0
       587 2000 12 13 15  0  0.990  35.9238   -117.7084    6.610  1.0
       588 2000 12 13 15  0  1.000  35.9218   -117.7279    5.500  1.0
       589 2000 12 13 15  0  1.020  35.9830   -117.6718    3.930  1.0
       590 2000 12 13 15  0  1.050  35.6323   -117.4512    4.700  1.0
       591 2000 12 13 15  0  1.020  35.6241   -117.4108    8.150  1.0
       592 2000 12 13 15  0  0.990  35.8877   -117.6818    8.550  1.0
       593 2000 12 13 15  0  1.060  35.5895   -117.4232    5.240  1.0
       594 2000 12 13 15  0  0.940  35.9275   -117.6543    4.640  1.0
       595 2000 12 13 15  0  1.030  35.8965   -117.6847    8.780  1.0
       596 2000 12 13 15  0  1.020  35.6468   -117.4465    4.140  1.0
       597 2000 12 13 15  0  0.960  35.6828   -117.4993    4.910  1.0
       598 2000 12 13 15  0  0.930  35.6609   -117.4703    1.780  1.0
       599 2000 12 13 15  0  1.050  35.8914   -117.7006    5.360  1.0
       600 2000 12 13 15  0  0.910  35.8937   -117.6826    8.320  1.0
       601 2000 12 13 15  0  0.930  35.6755   -117.4951    2.730  1.0
       602 2000 12 13 15  0  0.880  35.9632   -117.6772    4.420  1.0
       603 2000 12 13 15  0  1.300  35.5672   -117.3392    3.290  1.0
       604 2000 12 13 15  0  0.990  35.7506   -117.5619    3.790  1.0
       605 2000 12 13 15  0  0.990  35.7292   -117.5314    4.500  1.0
       606 2000 12 13 15  0  1.150  35.5819   -117.3383    5.050  1.0
       607 2000 12 13 15  0  0.910  35.9638   -117.6941    5.010  1.0
       608 2000 12 13 15  0  0.910  35.7235   -117.5440    4.170  1.0
       609 2000 12 13 15  0  1.130  35.8352   -117.6356    5.130  1.0
       610 2000 12 13 15  0  1.000  35.7174   -117.5260    6.590  1.0
       611 2000 12 13 15  0  1.080  36.0442   -117.8661    3.380  1.0
       612 2000 12 13 15  0  0.970  35.6697   -117.4747    5.480  1.0
       613 2000 12 13 15  0  0.990  36.0565   -117.8407    2.880  1.0
       614 2000 12 13 15  0  1.050  35.7178   -117.5543    7.960  1.0
       615 2000 12 13 15  0  0.950  35.6057   -117.5770    3.670  1.0
       616 2000 12 13 15  0  0.930  35.6936   -117.5040    5.610  1.0
       617 2000 12 13 15  0  1.020  35.9601   -117.7019    6.740  1.0
       618 2000 12 13 15  0  0.970  35.6621   -117.4359    4.450  1.0
       619 2000 12 13 15  0  1.040  35.9017   -117.7137    6.870  1.0
       620 2000 12 13 15  0  0.980  36.0351   -117.8494    3.200  1.0
       621 2000 12 13 15  0  0.930  35.9210   -117.6876    5.350  1.0
       622 2000 12 13 15  0  0.960  35.9499   -117.6806    4.570  1.0
       623 2000 12 13 15  0  0.830  35.5748   -117.5956    2.590  1.0
       624 2000 12 13 15  0  1.170  35.5789   -117.3473    5.090  1.0
       625 2000 12 13 15  0  0.980  35.9258   -117.7097    6.730  1.0
       626 2000 12 13 15  0  1.030  36.0377   -117.8357    3.120  1.0
       627 2000 12 13 15  0  1.000  35.5750   -117.5968    4.790  1.0
       628 2000 12 13 15  0  1.080  35.6902   -117.5265    7.480  1.0
       629 2000 12 13 15  0  1.060  35.6874   -117.5135    7.360  1.0
       630 2000 12 13 15  0  1.010  35.9007   -117.7069    7.660  1.0
       631 2000 12 13 15  0  1.010  35.9341   -117.7086    4.980  1.0
       632 2000 12 13 15  0  1.120  35.7028   -117.5155    7.590  1.0
       633 2000 12 13 15  0  0.880  35.7088   -117.4943    4.840  1.0
       634 2000 12 13 15  0  1.090  35.6341   -117.4356    6.170  1.0
       635 2000 12 13 15  0  0.980  35.9268   -117.6946    6.090  1.0
       636 2000 12 13 15  0  1.090  35.8276   -117.6360    5.310  1.0
       637 2000 12 13 15  0  1.070  35.8897   -117.6788    6.930  1.0
       638 2000 12 13 15  0  1.060  35.7128   -117.5618    7.770  1.0
       639 2000 12 13 15  0  0.940  35.9307   -117.7032    6.650  1.0
       640 2000 12 13 15  0  1.020  35.9087   -117.7114    5.800  1.0
       641 2000 12 13 15  0  0.900  35.7202   -117.5120    3.830  1.0
       642 2000 12 13 15  0  0.920  35.7528   -117.5461    4.190  1.0
       643 2000 12 13 15  0  1.040  35.9250   -117.7213    4.700  1.0
       644 2000 12 13 15  0  1.090  35.6105   -117.4214    6.140  1.0
       645 2000 12 13 15  0  0.990  35.9341   -117.6658    4.410  1.0
       646 2000 12 13 15  0  1.090  35.7213   -117.5620    6.210  1.0
       647 2000 12 13 15  0  0.890  35.9790   -117.6583    4.150  1.0
       648 2000 12 13 15  0  1.060  35.6018   -117.4283    5.910  1.0
       649 2000 12 13 15  0  0.910  35.7468   -117.5407    3.600  1.0
       650 2000 12 13 15  0  1.020  35.9015   -117.7211    6.310  1.0
       651 2000 12 13 15  0  0.930  35.9703   -117.7076    4.960  1.0
       652 2000 12 13 15  0  0.960  35.6780   -117.4694    3.610  1.0
       653 2000 12 13 15  0  1.130  35.6669   -117.5066    7.550  1.0
       654 2000 12 13 15  0  0.890  35.9641   -117.6964    4.710  1.0
       655 2000 12 13 15  0  0.900  35.5733   -117.6215    3.600  1.0
       656 2000 12 13 15  0  1.010  35.8997   -117.6828    5.480  1.0
       657 2000 12 13 15  0  0.920  35.9497   -117.6908    4.700  1.0
       658 2000 12 13 15  0  1.000  35.8962   -117.6741    7.110  1.0
       659 2000 12 13 15  0  0.920  35.6846   -117.4646    4.120  1.0
       660 2000 12 13 15  0  0.990  35.6737   -117.4625    4.140  1.0
       661 2000 12 13 15  0  0.990  35.6762   -117.4756    3.230  1.0
       662 2000 12 13 15  0  1.230  35.5925   -117.3664    5.040  1.0
       663 2000 12 13 15  0  1.000  35.8954   -117.6732    5.530  1.0
       664 2000 12 13 15  0  0.980  35.9074   -117.6726    4.920  1.0
       665 2000 12 13 15  0  0.940  35.9400   -117.6871    4.990  1.0
       666 2000 12 13 15  0  1.030  35.6710   -117.5188    8.550  1.0
       667 2000 12 13 15  0  1.040  36.0418   -117.8561    3.240  1.0
       668 2000 12 13 15  0  0.990  35.9099   -117.6739    5.450  1.0
       669 2000 12 13 15  0  1.130  35.8845   -117.7074    6.170  1.0
       670 2000 12 13 15  0  0.970  35.6438   -117.4535    2.940  1.0
       671 2000 12 13 15  0  0.930  35.8747   -117.6734    9.430  1.0
       672 2000 12 13 15  0  1.070  35.6957   -117.5240    7.450  1.0
       673 2000 12 13 15  0  1.100  35.8346   -117.6352    5.700  1.0
       674 2000 12 13 15  0  1.020  36.0625   -117.8446    3.290  1.0
       675 2000 12 13 15  0  1.120  35.6632   -117.5159    7.560  1.0
       676 2000 12 13 15  0  0.990  36.0603   -117.8367    3.130  1.0
       677 2000 12 13 15  0  1.110  35.6876   -117.5401    7.540  1.0
       678 2000 12 13 15  0  1.020  35.6380   -117.4290    6.690  1.0
       679 2000 12 13 15  0  0.960  35.9232   -117.7046    6.230  1.0
       680 2000 12 13 15  0  1.010  35.7570   -117.5683    8.710  1.0
       681 2000 12 13 15  0  1.100  35.6044   -117.4294    5.380  1.0
       682 2000 12 13 15  0  1.010  35.7734   -117.5488    5.400  1.0
       683 2000 12 13 15  0  0.970  35.9090   -117.7031    7.320  1.0
       684 2000 12 13 15  0  0.920  35.6959   -117.4979    4.780  1.0
       685 2000 12 13 15  0  1.020  35.6310   -117.4534    5.070  1.0
       686 2000 12 13 15  0  1.030  35.6338   -117.4347    4.010  1.0
       687 2000 12 13 15  0  1.000  35.7153   -117.5544    4.810  1.0
       688 2000 12 13 15  0  1.190  35.5876   -117.4293    5.570  1.0
       689 2000 12 13 15  0  0.960  35.5787   -117.6163    3.210  1.0
       690 2000 12 13 15  0  1.030  35.6608   -117.4405    3.340  1.0
       691 2000 12 13 15  0  1.000  35.9029   -117.6737    7.450  1.0
       692 2000 12 13 15  0  0.990  35.7127   -117.5091    5.420  1.0
       693 2000 12 13 15  0  1.010  35.6963   -117.4978    6.180  1.0
       694 2000 12 13 15  0  0.990  36.0667   -117.8304    2.910  1.0
       695 2000 12 13 15  0  0.960  35.9624   -117.6595    4.610  1.0
       696 2000 12 13 15  0  1.150  35.6718   -117.5215    7.520  1.0
       697 2000 12 13 15  0  0.980  36.0595   -117.8372    3.170  1.0
       698 2000 12 13 15  0  1.090  35.6944   -117.5206    5.440  1.0
       699 2000 12 13 15  0  1.070  35.6132   -117.5777    6.250  1.0
       700 2000 12 13 15  0  1.090  35.6082   -117.4041    6.580  1.0
       701 2000 12 13 15  0  0.950  35.6707   -117.4805    1.480  1.0
       702 2000 12 13 15  0  0.950  35.7438   -117.5512    3.900  1.0
       703 2000 12 13 15  0  1.050  35.5932   -117.4163    6.400  1.0
       704 2000 12 13 15  0  0.940  35.7560   -117.5635    4.340  1.0
       705 2000 12 13 15  0  1.030  35.9020   -117.6694    7.670  1.0
       706 2000 12 13 15  0  1.070  35.6096   -117.4283    5.660  1.0
       707 2000 12 13 15  0  0.940  35.6910   -117.4983    1.210  1.0
       708 2000 12 13 15  0  1.070  35.6165   -117.4356    7.110  1.0
       709 2000 12 13 15  0  0.970  36.0271   -117.8415    3.570  1.0
       710 2000 12 13 15  0  1.000  35.6720   -117.4737    3.790  1.0
       711 2000 12 13 15  0  0.990  35.6792   -117.4723    4.900  1.0
       712 2000 12 13 15  0  1.120  35.6159   -117.4640    4.430  1.0
       713 2000 12 13 15  0  0.980  35.9065   -117.6943    6.480  1.0
       714 2000 12 13 15  0  1.150  35.5828   -117.3423    4.700  1.0
       715 2000 12 13 15  0  0.970  35.9171   -117.7342    5.210  1.0
       716 2000 12 13 15  0  0.950  35.6593   -117.4907    4.640  1.0
       717 2000 12 13 15  0  1.030  35.6559   -117.5072    9.080  1.0
       718 2000 12 13 15  0  1.020  35.8929   -117.6707    6.810  1.0
       719 2000 12 13 15  0  0.920  35.7468   -117.5428    3.470  1.0
       720 2000 12 13 15  0  1.030  35.6087   -117.4307    5.620  1.0
       721 2000 12 13 15  0  0.980  35.9314   -117.7026    4.640  1.0
       722 2000 12 13 15  0  1.020  36.0582   -117.8326    3.400  1.0
       723 2000 12 13 15  0  0.980  35.8986   -117.6864    5.480  1.0
       724 2000 12 13 15  0  1.060  35.6990   -117.5086    8.050  1.0
       725 2000 12 13 15  0  0.980  35.9260   -117.7184    5.490  1.0
       726 2000 12 13 15  0  1.160  35.6149   -117.4611    5.710  1.0
       727 2000 12 13 15  0  1.040  35.6359   -117.4291    2.980  1.0
       728 2000 12 13 15  0  1.170  35.8359   -117.6344    5.450  1.0
       729 2000 12 13 15  0  0.940  35.6685   -117.4831    1.870  1.0
       730 2000 12 13 15  0  0.970  35.9320   -117.7094    4.750  1.0
       731 2000 12 13 15  0  0.910  35.9136   -117.6669    4.850  1.0
       732 2000 12 13 15  0  0.940  35.9193   -117.6689    4.760  1.0
       733 2000 12 13 15  0  0.840  35.6767   -117.4770    2.280  1.0
       734 2000 12 13 15  0  0.950  35.6772   -117.4837    0.920  1.0
       735 2000 12 13 15  0  0.950  35.9894   -117.6754    3.810  1.0
       736 2000 12 13 15  0  0.950  35.9185   -117.6736    5.280  1.0
       737 2000 12 13 15  0  0.940  35.8788   -117.6803    8.920  1.0
       738 2000 12 13 15  0  1.070  35.8938   -117.6732    3.560  1.0
       739 2000 12 13 15  0  0.960  35.9456   -117.6960    4.740  1.0
       740 2000 12 13 15  0  0.970  35.8925   -117.7256    8.410  1.0
       741 2000 12 13 15  0  0.980  35.6785   -117.4536    7.140  1.0
       742 2000 12 13 15  0  0.960  35.9247   -117.7272    6.560  1.0
       743 2000 12 13 15  0  1.260  36.0534   -117.8508    2.200  1.0
       744 2000 12 13 15  0  0.930  35.6741   -117.4780    2.320  1.0
       745 2000 12 13 15  0  0.980  35.6438   -117.4370    3.860  1.0
       746 2000 12 13 15  0  0.920  35.9250   -117.6896    5.110  1.0
       747 2000 12 13 15  0  1.000  35.6355   -117.4308    3.870  1.0
       748 2000 12 13 15  0  1.050  35.8745   -117.7063    5.840  1.0
       749 2000 12 13 15  0  1.010  36.0306   -117.8511    3.010  1.0
       750 2000 12 13 15  0  1.020  35.8885   -117.6814    7.500  1.0
       751 2000 12 13 15  0  1.160  35.6361   -117.4312    4.900  1.0
       752 2000 12 13 15  0  1.080  35.6303   -117.4377    3.130  1.0
       753 2000 12 13 15  0  0.960  35.6544   -117.4869    3.550  1.0
       754 2000 12 13 15  0  0.880  35.9492   -117.6861    4.780  1.0
       755 2000 12 13 15  0  1.110  35.6257   -117.4380    6.250  1.0
       756 2000 12 13 15  0  1.110  35.9259   -117.7220    5.940  1.0
       757 2000 12 13 15  0  1.010  35.8927   -117.7057    5.320  1.0
       758 2000 12 13 15  0  1.040  35.6755   -117.5139    4.370  1.0
       759 2000 12 13 15  0  1.120  35.5640   -117.3106    5.620  1.0
       760 2000 12 13 15  0  0.990  35.9604   -117.6982    6.000  1.0
       761 2000 12 13 15  0  1.060  35.8899   -117.7005    6.570  1.0
       762 2000 12 13 15  0  0.920  35.9399   -117.6862    5.080  1.0
       763 2000 12 13 15  0  0.970  35.7356   -117.5266    5.920  1.0
       764 2000 12 13 15  0  0.990  35.9029   -117.6956    6.930  1.0
       765 2000 12 13 15  0  0.960  35.9160   -117.6955    4.990  1.0
       766 2000 12 13 15  0  0.910  35.9542   -117.6854    4.250  1.0
       767 2000 12 13 15  0  0.820  35.9755   -117.6561    3.240  1.0
       768 2000 12 13 15  0  1.030  35.6681   -117.5213    6.200  1.0
       769 2000 12 13 15  0  1.020  35.7084   -117.5572    9.000  1.0
       770 2000 12 13 15  0  1.030  36.0503   -117.8555    3.420  1.0
       771 2000 12 13 15  0  1.000  35.6269   -117.4471    5.210  1.0
       772 2000 12 13 15  0  1.000  35.8953   -117.6856    7.470  1.0
       773 2000 12 13 15  0  0.960  35.9435   -117.6641    4.640  1.0
       774 2000 12 13 15  0  0.920  35.9332   -117.6856    5.000  1.0
       775 2000 12 13 15  0  1.000  35.6346   -117.4252    5.360  1.0
       776 2000 12 13 15  0  0.990  35.9116   -117.7487    5.940  1.0
       777 2000 12 13 15  0  1.010  35.8731   -117.6721    7.740  1.0
       778 2000 12 13 15  0  1.030  35.6459   -117.4377    6.580  1.0
       779 2000 12 13 15  0  0.870  35.9826   -117.6595    4.310  1.0
       780 2000 12 13 15  0  0.950  35.9201   -117.6869    5.050  1.0
       781 2000 12 13 15  0  1.070  35.9558   -117.6772    5.700  1.0
       782 2000 12 13 15  0  1.000  35.9102   -117.6951    9.500  1.0
       783 2000 12 13 15  0  0.930  35.9453   -117.6933    4.780  1.0
       784 2000 12 13 15  0  0.950  35.9099   -117.6939    5.460  1.0
       785 2000 12 13 15  0  0.740  35.5984   -117.5922    1.990  1.0
       786 2000 12 13 15  0  1.160  35.6660   -117.5283    8.800  1.0
       787 2000 12 13 15  0  0.990  35.9018   -117.6729    5.300  1.0
       788 2000 12 13 15  0  0.940  35.6064   -117.5790    3.490  1.0
       789 2000 12 13 15  0  0.880  35.9544   -117.6842    4.340  1.0
       790 2000 12 13 15  0  1.050  35.8719   -117.6945    5.530  1.0
       791 2000 12 13 15  0  0.990  35.9042   -117.6911    6.760  1.0
       792 2000 12 13 15  0  0.990  35.6882   -117.4688    4.740  1.0
       793 2000 12 13 15  0  0.940  35.6916   -117.4746    3.860  1.0
       794 2000 12 13 15  0  0.760  36.0702   -117.8363    1.720  1.0
       795 2000 12 13 15  0  0.920  36.0553   -117.8408    3.250  1.0
       796 2000 12 13 15  0  0.910  36.0609   -117.8485    3.340  1.0
       797 2000 12 13 15  0  1.070  35.7027   -117.5833    7.070  1.0
       798 2000 12 13 15  0  0.940  35.7789   -117.5469    5.720  1.0
       799 2000 12 13 15  0  1.140  35.6237   -117.4528    3.180  1.0
       800 2000 12 13 15  0  0.960  36.0725   -117.8347    2.550  1.0
       801 2000 12 13 15  0  0.940  35.9433   -117.6926    5.060  1.0
       802 2000 12 13 15  0  0.930  35.9339   -117.6775    5.500  1.0
       803 2000 12 13 15  0  0.930  35.8733   -117.6860    9.740  1.0
       804 2000 12 13 15  0  1.050  35.8959   -117.7259    6.980  1.0
       805 2000 12 13 15  0  1.020  35.8825   -117.7023    5.410  1.0
       806 2000 12 13 15  0  0.900  35.7074   -117.5016    4.260  1.0
       807 2000 12 13 15  0  0.930  36.0529   -117.8400    2.870  1.0
       808 2000 12 13 15  0  1.010  35.9755   -117.6644    5.700  1.0
       809 2000 12 13 15  0  1.010  35.6332   -117.4277    3.830  1.0
       810 2000 12 13 15  0  1.090  35.6997   -117.5227    6.740  1.0
       811 2000 12 13 15  0  0.980  35.9124   -117.7265    5.160  1.0
       812 2000 12 13 15  0  1.040  35.9291   -117.7152    5.430  1.0
       813 2000 12 13 15  0  1.060  35.6256   -117.4466    5.260  1.0
       814 2000 12 13 15  0  1.000  35.5986   -117.3925    7.580  1.0
       815 2000 12 13 15  0  1.060  35.9416   -117.6789    4.960  1.0
       816 2000 12 13 15  0  1.070  35.6094   -117.4732    4.500  1.0
       817 2000 12 13 15  0  1.070  35.9071   -117.7134    6.040  1.0
       818 2000 12 13 15  0  0.960  35.7250   -117.5467    4.890  1.0
       819 2000 12 13 15  0  1.030  35.6955   -117.5166    6.050  1.0
       820 2000 12 13 15  0  0.920  35.8746   -117.7022    10.260  1.0
       821 2000 12 13 15  0  1.070  35.6473   -117.4599    6.680  1.0
       822 2000 12 13 15  0  1.000  35.7030   -117.4974    6.460  1.0
       823 2000 12 13 15  0  1.140  35.6909   -117.4911    8.010  1.0
       824 2000 12 13 15  0  1.030  35.9212   -117.6997    5.880  1.0
       825 2000 12 13 15  0  1.210  35.5806   -117.3441    4.920  1.0
       826 2000 12 13 15  0  0.880  35.9758   -117.6503    4.190  1.0
       827 2000 12 13 15  0  1.110  35.6098   -117.4028    6.970  1.0
       828 2000 12 13 15  0  0.900  35.9195   -117.6860    4.860  1.0
       829 2000 12 13 15  0  1.110  35.6091   -117.3888    6.160  1.0
       830 2000 12 13 15  0  1.060  35.6970   -117.5194    6.800  1.0
       831 2000 12 13 15  0  0.970  35.6680   -117.4703    4.080  1.0
       832 2000 12 13 15  0  0.900  35.6800   -117.4781    3.240  1.0
       833 2000 12 13 15  0  0.970  35.9398   -117.6974    5.300  1.0
       834 2000 12 13 15  0  1.040  35.6301   -117.4460    5.450  1.0
       835 2000 12 13 15  0  0.960  35.6808   -117.4877    1.460  1.0
       836 2000 12 13 15  0  0.970  35.6873   -117.4801    5.320  1.0
       837 2000 12 13 15  0  1.030  35.6025   -117.4321    7.600  1.0
       838 2000 12 13 15  0  0.910  35.7186   -117.5169    4.150  1.0
       839 2000 12 13 15  0  1.000  35.6771   -117.4930    2.390  1.0
       840 2000 12 13 15  0  1.040  35.7403   -117.5484    7.470  1.0
       841 2000 12 13 15  0  1.070  35.8909   -117.7021    5.590  1.0
       842 2000 12 13 15  0  0.990  36.0620   -117.8445    3.720  1.0
       843 2000 12 13 15  0  0.950  35.9927   -117.6707    2.820  1.0
       844 2000 12 13 15  0  0.970  35.9153   -117.6832    5.540  1.0
       845 2000 12 13 15  0  0.970  35.6726   -117.4751    3.920  1.0
       846 2000 12 13 15  0  0.960  35.6837   -117.4902    1.270  1.0
       847 2000 12 13 15  0  1.140  35.6076   -117.4639    4.430  1.0
       848 2000 12 13 15  0  0.960  35.8662   -117.6755    9.700  1.0
       849 2000 12 13 15  0  1.120  35.5690   -117.3410    5.750  1.0
       850 2000 12 13 15  0  0.960  35.9183   -117.6813    4.990  1.0
       851 2000 12 13 15  0  1.050  35.7092   -117.5434    6.930  1.0
       852 2000 12 13 15  0  1.090  35.6078   -117.3906    6.970  1.0
       853 2000 12 13 15  0  1.000  36.0247   -117.8470    3.010  1.0
       854 2000 12 13 15  0  0.960  36.0754   -117.8432    3.440  1.0
       855 2000 12 13 15  0  0.920  35.9118   -117.6726    4.900  1.0
       856 2000 12 13 15  0  0.990  35.7535   -117.5655    5.390  1.0
       857 2000 12 13 15  0  0.970  35.6732   -117.5051    5.100  1.0
       858 2000 12 13 15  0  0.980  35.9339   -117.6965    5.210  1.0
       859 2000 12 13 15  0  1.210  36.0584   -117.8348    3.420  1.0
       860 2000 12 13 15  0  1.110  35.6707   -117.5070    7.610  1.0
       861 2000 12 13 15  0  1.090  35.6860   -117.5094    6.690  1.0
       862 2000 12 13 15  0  1.010  35.9302   -117.6868    5.680  1.0
       863 2000 12 13 15  0  1.070  35.6650   -117.5276    6.710  1.0
       864 2000 12 13 15  0  1.060  35.6665   -117.4758    5.500  1.0
       865 2000 12 13 15  0  1.010  35.6727   -117.4857    4.960  1.0
       866 2000 12 13 15  0  1.000  35.9023   -117.7078    8.260  1.0
       867 2000 12 13 15  0  1.030  35.9748   -117.6627    4.420  1.0
       868 2000 12 13 15  0  0.940  35.6910   -117.4786    5.050  1.0
       869 2000 12 13 15  0  1.130  35.5779   -117.3434    5.620  1.0
       870 2000 12 13 15  0  0.950  35.9194   -117.6967    5.290  1.0
       871 2000 12 13 15  0  0.950  35.6786   -117.4735    4.190  1.0
       872 2000 12 13 15  0  0.980  36.0572   -117.8487    3.500  1.0
       873 2000 12 13 15  0  1.010  35.6703   -117.4939    4.770  1.0
       874 2000 12 13 15  0  0.980  35.9114   -117.6826    5.040  1.0
       875 2000 12 13 15  0  1.030  35.9180   -117.6941    5.560  1.0
       876 2000 12 13 15  0  0.990  35.9190   -117.6760    3.600  1.0
       877 2000 12 13 15  0  1.050  35.6476   -117.4378    6.310  1.0
       878 2000 12 13 15  0  0.960  35.6702   -117.4857    1.170  1.0
       879 2000 12 13 15  0  1.110  35.5648   -117.3136    4.820  1.0
       880 2000 12 13 15  0  0.900  35.5748   -117.6229    3.660  1.0
       881 2000 12 13 15  0  1.010  35.9082   -117.6954    6.960  1.0
       882 2000 12 13 15  0  1.060  35.7115   -117.5307    6.630  1.0
       883 2000 12 13 15  0  0.940  35.9109   -117.6784    5.490  1.0
       884 2000 12 13 15  0  1.030  35.6261   -117.4341    6.800  1.0
       885 2000 12 13 15  0  1.040  35.8764   -117.6999    5.990  1.0
       886 2000 12 13 15  0  0.940  35.7493   -117.5279    5.300  1.0
       887 2000 12 13 15  0  0.900  35.9502   -117.6933    4.590  1.0
       888 2000 12 13 15  0  1.040  35.9427   -117.6883    5.410  1.0
       889 2000 12 13 15  0  1.000  35.6784   -117.5323    8.490  1.0
       890 2000 12 13 15  0  1.230  36.0361   -117.8585    3.490  1.0
       891 2000 12 13 15  0  0.950  35.7144   -117.4977    5.460  1.0
       892 2000 12 13 15  0  1.070  35.7268   -117.5474    7.100  1.0
       893 2000 12 13 15  0  1.030  35.7641   -117.5606    6.330  1.0
       894 2000 12 13 15  0  1.010  35.9384   -117.7079    6.530  1.0
       895 2000 12 13 15  0  0.950  35.9720   -117.6507    3.560  1.0
       896 2000 12 13 15  0  1.040  35.6840   -117.5309    6.510  1.0
       897 2000 12 13 15  0  1.050  35.7331   -117.5484    8.350  1.0
       898 2000 12 13 15  0  0.960  35.7286   -117.5222    4.120  1.0
       899 2000 12 13 15  0  1.090  35.5675   -117.3142    5.170  1.0
       900 2000 12 13 15  0  0.960  35.9022   -117.6937    6.410  1.0
       901 2000 12 13 15  0  0.950  35.9343   -117.7094    4.860  1.0
       902 2000 12 13 15  0  0.960  35.9157   -117.7198    5.770  1.0
       903 2000 12 13 15  0  0.890  35.9272   -117.6815    4.360  1.0
       904 2000 12 13 15  0  0.860  35.5909   -117.5861    3.030  1.0
       905 2000 12 13 15  0  0.940  35.9160   -117.6911    5.450  1.0
       906 2000 12 13 15  0  1.000  35.8794   -117.6971    7.590  1.0
       907 2000 12 13 15  0  1.070  35.6048   -117.3943    6.850  1.0
       908 2000 12 13 15  0  1.010  35.9183   -117.7149    7.100  1.0
       909 2000 12 13 15  0  0.930  35.6886   -117.4696    4.010  1.0
       910 2000 12 13 15  0  1.060  35.6282   -117.4386    5.600  1.0
       911 2000 12 13 15  0  1.030  36.0718   -117.8111    2.790  1.0
       912 2000 12 13 15  0  0.960  35.6164   -117.4009    5.770  1.0
       913 2000 12 13 15  0  1.060  36.0670   -117.8349    3.960  1.0
       914 2000 12 13 15  0  0.980  35.9030   -117.6731    5.420  1.0
       915 2000 12 13 15  0  0.880  35.8950   -117.6749    9.670  1.0
       916 2000 12 13 15  0  0.950  35.6902   -117.4703    4.400  1.0
       917 2000 12 13 15  0  1.020  35.8989   -117.6892    5.840  1.0
       918 2000 12 13 15  0  0.980  35.9199   -117.7298    5.870  1.0
       919 2000 12 13 15  0  0.920  35.9346   -117.6891    5.090  1.0
       920 2000 12 13 15  0  0.940  35.7552   -117.5543    3.950  1.0
       921 2000 12 13 15  0  1.090  36.0378   -117.8471    3.580  1.0
       922 2000 12 13 15  0  0.960  35.5792   -117.6198    4.140  1.0
       923 2000 12 13 15  0  1.100  36.0598   -117.8402    3.440  1.0
       924 2000 12 13 15  0  0.980  35.9090   -117.7244    6.780  1.0
       925 2000 12 13 15  0  0.990  35.9293   -117.7190    5.110  1.0
       926 2000 12 13 15  0  1.090  35.8909   -117.6567    7.140  1.0
       927 2000 12 13 15  0  1.080  35.9341   -117.6870    7.320  1.0
       928 2000 12 13 15  0  0.960  35.7405   -117.5583    3.880  1.0
       929 2000 12 13 15  0  0.960  35.9007   -117.7101    8.090  1.0
       930 2000 12 13 15  0  1.020  35.7553   -117.5705    5.600  1.0
       931 2000 12 13 15  0  1.050  36.0447   -117.8577    3.260  1.0
       932 2000 12 13 15  0  0.990  35.6866   -117.4943    4.540  1.0
       933 2000 12 13 15  0  0.980  35.9186   -117.7271    4.920  1.0
       934 2000 12 13 15  0  0.930  35.9667   -117.6984    4.760  1.0
       935 2000 12 13 15  0  1.000  35.6454   -117.4488    2.010  1.0
       936 2000 12 13 15  0  1.120  35.6655   -117.5047    9.030  1.0
       937 2000 12 13 15  0  1.000  36.0536   -117.8386    3.300  1.0
       938 2000 12 13 15  0  0.820  35.9782   -117.6582    3.660  1.0
       939 2000 12 13 15  0  0.980  35.7198   -117.5471    5.170  1.0
       940 2000 12 13 15  0  1.130  35.5865   -117.3532    4.890  1.0
       941 2000 12 13 15  0  0.990  35.8910   -117.7093    5.340  1.0
       942 2000 12 13 15  0  1.030  35.8938   -117.6617    7.120  1.0
       943 2000 12 13 15  0  1.040  35.8883   -117.6926    6.350  1.0
       944 2000 12 13 15  0  0.940  35.7540   -117.5442    4.820  1.0
       945 2000 12 13 15  0  0.970  35.7276   -117.5351    4.280  1.0
       946 2000 12 13 15  0  1.000  35.6877   -117.4989    5.520  1.0
       947 2000 12 13 15  0  0.990  35.6834   -117.4732    3.540  1.0
       948 2000 12 13 15  0  0.860  36.0539   -117.8382    1.450  1.0
       949 2000 12 13 15  0  0.950  35.8718   -117.6662    9.080  1.0
       950 2000 12 13 15  0  1.010  35.8899   -117.6862    5.610  1.0
       951 2000 12 13 15  0  1.200  35.6212   -117.4010    5.690  1.0
       952 2000 12 13 15  0  0.980  35.9215   -117.6856    5.360  1.0
       953 2000 12 13 15  0  0.960  35.5735   -117.6056    4.300  1.0
       954 2000 12 13 15  0  1.010  35.6562   -117.4903    5.020  1.0
       955 2000 12 13 15  0  0.990  35.6912   -117.4932    4.000  1.0
       956 2000 12 13 15  0  0.970  35.8953   -117.6700    7.700  1.0
       957 2000 12 13 15  0  0.960  35.9332   -117.7111    5.050  1.0
       958 2000 12 13 15  0  0.940  35.9320   -117.6949    5.370  1.0
       959 2000 12 13 15  0  0.940  35.7505   -117.5575    4.590  1.0
       960 2000 12 13 15  0  0.970  35.7366   -117.5553    3.390  1.0
       961 2000 12 13 15  0  1.090  35.6037   -117.5770    4.330  1.0
       962 2000 12 13 15  0  0.920  35.9276   -117.7115    6.790  1.0
       963 2000 12 13 15  0  1.400  35.5895   -117.3551    4.910  1.0
       964 2000 12 13 15  0  1.030  35.7650   -117.5597    6.170  1.0
       965 2000 12 13 15  0  1.070  35.6772   -117.5147    8.290  1.0
       966 2000 12 13 15  0  1.010  35.6027   -117.4258    6.920  1.0
       967 2000 12 13 15  0  0.940  35.9489   -117.6874    4.750  1.0
       968 2000 12 13 15  0  1.000  35.7196   -117.5423    4.920  1.0
       969 2000 12 13 15  0  0.960  35.6771   -117.4821    4.360  1.0
       970 2000 12 13 15  0  1.120  35.6716   -117.5097    6.920  1.0
       971 2000 12 13 15  0  1.000  35.6647   -117.4583    4.680  1.0
       972 2000 12 13 15  0  0.920  35.6689   -117.4854    1.880  1.0
       973 2000 12 13 15  0  0.950  35.9199   -117.6830    5.200  1.0
       974 2000 12 13 15  0  1.180  35.6138   -117.5882    4.270  1.0
       975 2000 12 13 15  0  0.960  35.7367   -117.5292    5.120  1.0
       976 2000 12 13 15  0  1.010  35.6877   -117.5242    5.710  1.0
       977 2000 12 13 15  0  1.060  35.7071   -117.5060    6.780  1.0
       978 2000 12 13 15  0  0.990  35.6695   -117.4775    5.100  1.0
       979 2000 12 13 15  0  1.070  35.6043   -117.5840    3.700  1.0
       980 2000 12 13 15  0  1.010  35.9241   -117.7217    5.230  1.0
       981 2000 12 13 15  0  1.040  35.6483   -117.4573    3.450  1.0
       982 2000 12 13 15  0  0.910  35.9447   -117.6872    4.390  1.0
       983 2000 12 13 15  0  1.070  35.6965   -117.5224    5.790  1.0
       984 2000 12 13 15  0  0.950  35.8964   -117.7347    6.960  1.0
       985 2000 12 13 15  0  0.980  35.6788   -117.4825    4.570  1.0
       986 2000 12 13 15  0  1.000  35.9224   -117.6821    5.110  1.0
       987 2000 12 13 15  0  1.080  35.6587   -117.5190    8.350  1.0
       988 2000 12 13 15  0  0.920  35.6547   -117.4598    2.080  1.0
       989 2000 12 13 15  0  0.940  36.0708   -117.8243    1.480  1.0
       990 2000 12 13 15  0  0.930  35.8751   -117.6854    9.460  1.0
       991 2000 12 13 15  0  1.040  35.7561   -117.5618    6.190  1.0
       992 2000 12 13 15  0  1.130  35.8269   -117.6303    4.870  1.0
       993 2000 12 13 15  0  0.880  35.9338   -117.6843    4.100  1.0
       994 2000 12 13 15  0  0.960  35.6730   -117.4706    3.540  1.0
       995 2000 12 13 15  0  1.040  35.8778   -117.6936    6.080  1.0
       996 2000 12 13 15  0  0.910  35.9598   -117.6842    5.080  1.0
       997 2000 12 13 15  0  0.910  35.9352   -117.6896    5.190  1.0
       998 2000 12 13 15  0  0.920  35.9318   -117.6825    5.020  1.0
       999 2000 12 13 15  0  1.060  35.7060   -117.4996    6.180  1.0
      1000 2000 12 13 15  0  1.030  35.6583   -117.4857    5.470  1.0
